0.0,0.0,0.0,0.0,0.44135426091289354,0.2177871403060406,0.755859204987539,0.0288752699949281,0.0031847133757961785
0.0,0.0,0.0,0.0,0.44135426091289354,0.2177871403060406,0.755859204987539,0.0288752699949281,0.0031847133757961785
0.0,0.0,0.0,0.0,0.027982114524736767,0.38328004533935006,0.151882689766573,0.010322114710206592,0.006369426751592357
0.0,0.0,0.0,0.0,0.004117330815729778,0.15386507266058577,0.06022812323247311,0.0010275466816466207,0.009554140127388535
0.0,0.0,0.0,0.0,0.46865452447451583,0.3441096271266187,0.815412686630589,0.0316843908842735,0.0031847133757961785
0.0,0.0,0.0,0.0,0.015971047559104678,0.30717409668830264,0.1211539032715424,0.006085799193436209,0.006369426751592357
0.0,0.0,0.0,0.0,2.6225037042864822E-5,0.0,0.5466142365447447,0.004842284828876414,0.0031847133757961785
0.0,0.0,0.0,0.0,0.4624391906953569,0.33200380679448654,0.269458048209294,0.03296625636447976,0.006369426751592357
0.0,0.0,0.0,0.0,0.015236746521904461,0.37632729877990095,0.12158746367549418,3.7979588853178856E-4,0.009554140127388535
0.0,0.0,0.0,0.0,0.46217694032492823,0.32284183624367757,0.8165414608851241,0.03656805002570784,0.0031847133757961785
0.0,0.0,0.0,0.0,0.018396863485569674,0.38404140423666283,0.15027483898026903,3.7546813774513307E-4,0.006369426751592357
0.0,0.0,0.0,1.0,0.47439780758690325,0.3307505587219436,0.7315197770789781,0.04487112481247687,0.0031847133757961785
0.0,0.0,0.0,1.0,0.01799037541140527,0.394695082177572,0.037426471845639124,0.0146109699520122,0.006369426751592357
0.0,0.0,0.0,1.0,0.4495233599517459,0.25979768384357926,0.7286079020883802,0.03664262067825509,0.0031847133757961785
0.0,0.0,0.0,1.0,0.025359610820450285,0.3834703850636782,0.0348872119353059,3.582344158625585E-4,0.006369426751592357
0.0,0.0,0.0,1.0,0.001953765259693429,0.07693253633029289,0.0011916482277061298,6.626464683970468E-5,0.009554140127388535
0.0,0.0,0.0,1.0,0.4608001258801778,0.3360522685714896,0.7282608737579337,0.027270847513460046,0.0031847133757961785
0.0,0.0,0.0,1.0,0.014712245781047167,0.3072521573617631,0.03380935402714227,2.8546314797074196E-4,0.006369426751592357
0.0,0.0,0.0,1.0,0.4631866042510785,0.33426221970336945,0.7320268833165776,0.04685662928112466,0.0031847133757961785
0.0,0.0,0.0,1.0,0.01859355126339116,0.38535453446966855,0.03697735366918493,0.013617485852583254,0.006369426751592357
0.0,0.0,0.0,1.0,0.4470188689141524,0.19031299122084752,0.7287808376587583,0.03704455707221062,0.0031847133757961785
0.0,0.0,0.0,1.0,0.033659835044517,0.382830929135879,0.038618762956506514,0.019943400240318203,0.006369426751592357
0.0,0.0,0.0,1.0,0.0026225037042864824,0.07877070479164215,0.0016446237031278708,0.0030492291629339286,0.009554140127388535
0.0,0.0,1.0,0.0,0.45322109017478984,0.31615214346054726,0.8152560802925067,0.03033135512713809,0.0031847133757961785
0.0,0.0,1.0,0.0,0.017033161559340704,0.3841686538276463,0.12135499712438362,3.731796895679677E-4,0.006369426751592357
0.0,0.0,1.0,0.0,0.006870959705230584,0.38497813231818806,0.15139577006023686,0.006285521662575595,0.009554140127388535
0.0,0.0,1.0,0.0,0.0035272674822653186,0.38884373964092084,0.15002218589789498,3.700215388073433E-4,0.012738853503184714
0.0,0.0,1.0,0.0,0.002452040963507861,0.38533849460525893,0.12154233327757394,3.8484454663231923E-4,0.01592356687898089
0.0,0.0,1.0,0.0,0.001783302518914808,0.38540265406289764,0.1499051811625462,3.707851238341999E-4,0.01910828025477707
0.0,0.0,1.0,0.0,0.0017308524448290785,0.38543473379171694,0.12164262305073004,3.84485823152935E-4,0.022292993630573247
0.0,0.0,1.0,0.0,0.001337476889186106,0.3854571896018905,0.1500407009329392,3.731981447952029E-4,0.025477707006369428
0.0,0.0,1.0,0.0,0.001271914296578944,0.3854165552787194,0.12144538649685636,3.8151568501976923E-4,0.028662420382165606
0.0,0.0,1.0,0.0,0.0012325767410146465,0.38548392270924,0.1502327944215228,3.7862974886086406E-4,0.03184713375796178
0.0,0.0,1.0,0.0,0.001271914296578944,0.3866601794326165,0.12133866789208769,3.7699646125054844E-4,0.03503184713375796
0.0,0.0,1.0,0.0,0.0010358889631931606,0.38549675460076777,0.1502290656991875,3.79009234470888E-4,0.03821656050955414
0.0,0.0,1.0,0.0,0.0010096639261502956,0.3854871306821219,0.1213357106295459,3.767992210094722E-4,0.041401273885350316
0.0,0.0,1.0,0.0,0.002910979111757996,0.3853128308222034,0.15103061242464283,0.006511503613167271,0.044585987261146494
0.0,0.0,1.0,0.0,0.001049001481714593,0.3854646748719484,0.12147470196900968,3.8347539946180753E-4,0.04777070063694268
0.0,0.0,1.0,0.0,9.047637779788364E-4,0.38593624688559297,0.12127849402819403,3.716778954517029E-4,0.050955414012738856
0.0,0.0,1.0,0.0,0.0010227764446717282,0.38577584824149613,0.15027869627923657,3.83789138324806E-4,0.054140127388535034
0.0,0.0,1.0,0.0,9.703263705859985E-4,0.38641530416929537,0.13852422055881206,3.7068131318100184E-4,0.05732484076433121
0.0,0.0,1.0,0.0,0.0010096639261502956,0.38551707176235334,0.13302744095343172,3.84693444459331E-4,0.06050955414012739
0.0,0.0,1.0,0.0,1.9668777782148617E-4,0.07708865767721376,0.029760090147648403,6.66821963559012E-5,0.06369426751592357
0.0,0.0,1.0,0.0,0.4512017623224893,0.2575264390431686,0.7858979206972763,0.03285463222945102,0.0031847133757961785
0.0,0.0,1.0,0.0,0.0251629230426288,0.38531603879508536,0.15045124611971797,3.845481095448538E-4,0.006369426751592357
0.0,0.0,1.0,0.0,0.007906848668423744,0.38499096420971585,0.12173892694828635,3.8560236440066483E-4,0.009554140127388535
0.0,0.0,1.0,0.0,0.004182893408336939,0.3852155223114514,0.15041948769155186,3.834454097175503E-4,0.012738853503184714
0.0,0.0,1.0,0.0,0.0027536288895008065,0.38532673203802514,0.1502304800421423,3.788662064598151E-4,0.01592356687898089
0.0,0.0,1.0,0.0,0.0021635655560363477,0.38783857480458095,0.12173146950361577,3.9112278424739547E-4,0.01910828025477707
0.0,0.0,1.0,0.0,0.0016521773337004838,0.3854080006843675,0.15050846272106985,3.851479044299979E-4,0.022292993630573247
0.0,0.0,1.0,0.0,0.0016128397781361866,0.38542724852165916,0.15013829059681802,3.7847864668787585E-4,0.025477707006369428
0.0,0.0,1.0,0.0,0.0012325767410146465,0.3857598083770865,0.12160713590022865,3.841939998722783E-4,0.028662420382165606
0.0,0.0,1.0,0.0,0.0011276765928431873,0.38603676336922693,0.15037474302352838,3.8517789417425515E-4,0.03184713375796178
0.0,0.0,1.0,0.0,0.0014161520003147005,0.3854497043318327,0.12145052956214643,3.7816375437317514E-4,0.03503184713375796
0.0,0.0,1.0,0.0,8.523137038931068E-4,0.30872033961739576,0.12034554198457775,3.126015596201105E-4,0.03821656050955414
0.0,0.0,1.0,0.0,0.00108833903727889,0.3854518429804207,0.15029502551153248,3.841916929688739E-4,0.041401273885350316
0.0,0.0,1.0,0.0,0.00114078911136462,0.3854614668990664,0.12167631012837991,3.791949401949422E-4,0.044585987261146494
0.0,0.0,1.0,0.0,9.441013335431336E-4,0.3855042398708256,0.15032099799124726,3.865701103788109E-4,0.04777070063694268
0.0,0.0,1.0,0.0,9.047637779788364E-4,0.3854186939273073,0.150432859661306,3.881030476910351E-4,0.050955414012738856
0.0,0.0,1.0,0.0,0.0010227764446717282,0.3855683993284643,0.12148550240611881,3.8007963765052983E-4,0.054140127388535034
0.0,0.0,1.0,0.0,9.703263705859985E-4,0.3859490787771207,0.15050023381660574,3.852793979240488E-4,0.05732484076433121
0.0,0.0,1.0,0.0,9.965514076288632E-4,0.3854497043318327,0.1501444622751661,3.782756391882886E-4,0.06050955414012739
0.0,0.0,1.0,0.0,6.294008890287557E-4,0.3083867104376744,0.09143302899673068,3.0460698587216024E-4,0.06369426751592357
0.0,0.0,1.0,1.0,0.4693757129931946,0.3316840788305869,0.7289355153473568,0.03153679174410485,0.0031847133757961785
0.0,0.0,1.0,1.0,0.016325085559183352,0.3832522429077066,0.03479990840200718,3.531995991824542E-4,0.006369426751592357
0.0,0.0,1.0,1.0,0.0070676474830520695,0.38510110461199565,0.03587236609161625,0.005735846560795449,0.009554140127388535
0.0,0.0,1.0,1.0,0.004851631852929993,0.38520696771709956,0.03619959362069611,0.009003361844563974,0.012738853503184714
0.0,0.0,1.0,1.0,0.002320915778293537,0.38554273554540885,0.034982487219804195,3.569771535071602E-4,0.01592356687898089
0.0,0.0,1.0,1.0,0.0020717779263863213,0.3956649593122106,0.03488001164389982,3.592840569115607E-4,0.01910828025477707
0.0,0.0,1.0,1.0,0.0015472771855290245,0.3775666456366222,0.03472687687488838,3.4166508216045124E-4,0.022292993630573247
0.0,0.0,1.0,1.0,0.0015210521484861597,0.38680774618518554,0.006258081844940953,3.567014785503343E-4,0.025477707006369428
0.0,0.0,1.0,1.0,0.0011670141484074847,0.3841536832875306,0.035119292756519704,3.6455302428721166E-4,0.028662420382165606
0.0,0.0,1.0,1.0,0.0027274038524579417,0.385336355956671,0.03671467160949528,0.008714813213289846,0.03184713375796178
0.0,0.0,1.0,1.0,0.00108833903727889,0.38553525027535096,0.034839767158005124,3.5224454117303237E-4,0.03503184713375796
0.0,0.0,1.0,1.0,0.001206351703971782,0.3853203160922613,0.03494185700401275,3.58703870705354E-4,0.03821656050955414
0.0,0.0,1.0,1.0,0.0017308524448290785,0.3854657441962424,0.03559271191646942,0.0045606915113665545,0.041401273885350316
0.0,0.0,1.0,1.0,0.0017964150374362405,0.38539089149566386,0.0362443382887196,0.008306643566335634,0.044585987261146494
0.0,0.0,1.0,1.0,7.474135557216474E-4,0.38548392270924,0.03475246362470641,3.544995392508339E-4,0.04777070063694268
0.0,0.0,1.0,1.0,8.91651259457404E-4,0.38548178406065203,0.03472044804327581,3.521499581334519E-4,0.050955414012738856
0.0,0.0,1.0,1.0,8.91651259457404E-4,0.38548392270924,0.034680460710645615,3.4819823260171374E-4,0.054140127388535034
0.0,0.0,1.0,1.0,0.0010358889631931606,0.3893003411144497,0.0061165189728321434,3.564442588207436E-4,0.05732484076433121
0.0,0.0,1.0,1.0,0.00228157822272924,0.3853609504154325,0.03593395429846468,0.0071342787165743615,0.06050955414012739
0.0,0.0,1.0,1.0,0.0023995908894221315,0.3853780596041361,0.035402418500737325,0.0049723722653022655,0.06369426751592357
0.0,0.0,1.0,1.0,0.4555420059530834,0.26283884213565445,0.7280813807793107,0.0317072949747241,0.0031847133757961785
0.0,0.0,1.0,1.0,0.023353395486671123,0.3994086636654298,0.0351555513668146,3.571916955237694E-4,0.006369426751592357
0.0,0.0,1.0,1.0,0.007041422446009206,0.38502945988429904,0.03526278427811228,3.6427734933038583E-4,0.009554140127388535
0.0,0.0,1.0,1.0,0.003920643037908292,0.3857095501352695,0.03501360276480904,3.5725513536739043E-4,0.012738853503184714
0.0,0.0,1.0,1.0,0.0026356162228079144,0.38534384122672877,0.03526239854821553,3.648794511189344E-4,0.01592356687898089
0.0,0.0,1.0,1.0,0.0020717779263863213,0.390636996481923,0.03514269370358946,3.579714288744568E-4,0.01910828025477707
0.0,0.0,1.0,1.0,0.0017439649633505109,0.38543687244030495,0.03510887804930734,3.6487253040872115E-4,0.022292993630573247
0.0,0.0,1.0,1.0,0.0014161520003147005,0.3854657441962424,0.03524619789255185,3.649590392863862E-4,0.025477707006369428
0.0,0.0,1.0,1.0,0.001337476889186106,0.38543794176459895,0.03511633549397792,3.580544773970152E-4,0.028662420382165606
0.0,0.0,1.0,1.0,0.0014292645188361329,0.3908251975576633,0.03496692944730177,3.587603898387618E-4,0.03184713375796178
0.0,0.0,1.0,1.0,9.178762965002688E-4,0.31337403894479077,0.005043932706590825,2.84899110088366E-4,0.03503184713375796
0.0,0.0,1.0,1.0,0.0011932391854503495,0.38328432263652595,0.03510347783075278,3.5748928606293707E-4,0.03821656050955414
0.0,0.0,1.0,1.0,0.0011145640743217549,0.38348428627949993,0.03510322067748828,3.610684466948646E-4,0.041401273885350316
0.0,0.0,1.0,1.0,0.00108833903727889,0.37218794443790965,0.035227682857507644,3.539770256297372E-4,0.044585987261146494
0.0,0.0,1.0,1.0,0.0011014515558003225,0.3856304201375151,0.03495895769610219,3.578237870565752E-4,0.04777070063694268
0.0,0.0,1.0,1.0,9.309888150217012E-4,0.3855694686527583,0.03495690046998617,3.579852702948832E-4,0.050955414012738856
0.0,0.0,1.0,1.0,8.260886668502419E-4,0.3858496316177807,0.03521071074205046,3.6475141797999016E-4,0.054140127388535034
0.0,0.0,1.0,1.0,9.047637779788364E-4,0.38547109081771225,0.034954328937341135,3.5798873064998984E-4,0.05732484076433121
0.0,0.0,1.0,1.0,9.047637779788364E-4,0.385533111626763,0.034956257586824906,3.5789876141721817E-4,0.06050955414012739
0.0,0.0,1.0,1.0,7.867511112859447E-4,0.3084947121913662,0.004797322725932608,2.7875467287074505E-4,0.06369426751592357
0.0,0.0,1.0,1.0,0.46089191350982783,0.33178459531422094,0.7283579491152835,0.026940725022483514,0.0031847133757961785
0.0,0.0,1.0,1.0,0.018501763633741133,0.38410021707283165,0.034992130467223055,3.585631495976856E-4,0.006369426751592357
0.0,0.0,1.0,1.0,0.006726722001494827,0.38499310285830385,0.034986344518771736,3.585896789868362E-4,0.009554140127388535
0.0,0.0,1.0,1.0,0.003999318149036885,0.3852636419046804,0.034986987401933,3.588122951653608E-4,0.012738853503184714
0.0,0.0,1.0,1.0,0.00260939118576505,0.3853406332538469,0.034988144591623256,3.5970622023456605E-4,0.01592356687898089
0.0,0.0,1.0,1.0,0.0020717779263863213,0.3854090700086615,0.03498338725622996,3.595770336439196E-4,0.01910828025477707
0.0,0.0,1.0,1.0,0.0017570774818719433,0.38930568773591967,0.034828323837734744,3.5262287333135404E-4,0.022292993630573247
0.0,0.0,1.0,1.0,0.0014161520003147005,0.3854742987905942,0.034966029410876016,3.59550504254769E-4,0.025477707006369428
0.0,0.0,1.0,1.0,0.0013505894077075384,0.3853994460900157,0.03494301419370301,3.602610305033244E-4,0.028662420382165606
0.0,0.0,1.0,1.0,0.0012588017780575114,0.3854914079792979,0.006270939508166095,3.593994020817808E-4,0.03184713375796178
0.0,0.0,1.0,1.0,0.0011276765928431873,0.3855780232471101,0.03497541550503037,3.5941439695390937E-4,0.03503184713375796
0.0,0.0,1.0,1.0,0.0012981393336218088,0.38544328838606884,0.03505436155723274,3.6046173109950723E-4,0.03821656050955414
0.0,0.0,1.0,1.0,0.00114078911136462,0.3855053091951196,0.03492694211467159,3.590602872813339E-4,0.041401273885350316
0.0,0.0,1.0,1.0,9.178762965002688E-4,0.38548926933070987,0.034948928718786576,3.5937863995114117E-4,0.044585987261146494
0.0,0.0,1.0,1.0,0.0011145640743217549,0.38544221906177484,0.0348146947147161,3.52363346698359E-4,0.04777070063694268
0.0,0.0,1.0,1.0,9.178762965002688E-4,0.3872654169830084,0.03494622860950929,3.592563740707079E-4,0.050955414012738856
0.0,0.0,1.0,1.0,9.965514076288632E-4,0.38549675460076777,0.03494597145624479,3.5932442772113775E-4,0.054140127388535034
0.0,0.0,1.0,1.0,9.441013335431336E-4,0.37164472769656853,0.03481996635663841,3.5034249931610405E-4,0.05732484076433121
0.0,0.0,1.0,1.0,8.91651259457404E-4,0.3855277650052931,0.03508354845275381,3.622403536243001E-4,0.06050955414012739
0.0,0.0,1.0,1.0,7.867511112859447E-4,0.30846904840831074,0.0048819261499540405,2.8389560710745176E-4,0.06369426751592357
0.0,0.0,1.0,1.0,0.45349645306374,0.3297956521274207,0.7322440492484503,0.049460622626654176,0.0031847133757961785
0.0,0.0,1.0,1.0,0.01730852444829078,0.38432691382315515,0.03701734100181512,0.013960267475991436,0.006369426751592357
0.0,0.0,1.0,1.0,0.006254671334723259,0.38501448934418336,0.03551016571856401,0.003977742788333037,0.009554140127388535
0.0,0.0,1.0,1.0,0.00456315644545848,0.38619609268902977,0.036030515349285495,0.008538285504430008,0.012738853503184714
0.0,0.0,1.0,1.0,0.0024258159264649963,0.38532138541655525,0.03574250369304232,0.005091844485712768,0.01592356687898089
0.0,0.0,1.0,1.0,0.003251904593315238,0.3854090700086615,0.03632855598284428,0.011218761925429014,0.01910828025477707
0.0,0.0,1.0,1.0,0.0016652898522219162,0.3855127944651774,0.00666078385715239,0.005612231141870643,0.022292993630573247
0.0,0.0,1.0,1.0,0.0027667414080222385,0.38538554487419396,0.03565790026902089,0.006307847873723384,0.025477707006369428
0.0,0.0,1.0,1.0,0.001206351703971782,0.3865639402461584,0.03527769916745345,0.0025877977301789145,0.028662420382165606
0.0,0.0,1.0,1.0,0.0012194642224932144,0.3855438048697028,0.0349734868555466,0.0022818031419090073,0.03184713375796178
0.0,0.0,1.0,1.0,0.0025307160746364556,0.385484992033534,0.036245624055042114,0.009714023046968513,0.03503184713375796
0.0,0.0,1.0,1.0,0.0011014515558003225,0.385533111626763,0.035256226869867464,0.0025740220564995364,0.03821656050955414
0.0,0.0,1.0,1.0,0.0010096639261502956,0.3855662606798763,0.0350645191111806,0.0020547992331091808,0.041401273885350316
0.0,0.0,1.0,1.0,0.002202903111600645,0.3854988932493557,0.03631338394023861,0.009535421431948117,0.044585987261146494
0.0,0.0,1.0,1.0,0.002006215333779159,0.3854283178459531,0.03626439624335082,0.010579964224426659,0.04777070063694268
0.0,0.0,1.0,1.0,9.178762965002688E-4,0.3855299036538811,0.03509190593385015,0.0021664787338196174,0.050955414012738856
0.0,0.0,1.0,1.0,0.0011670141484074847,0.38668263524279006,0.007166861481693966,0.008128495257834201,0.054140127388535034
0.0,0.0,1.0,1.0,9.178762965002688E-4,0.3854924773035919,0.034678917791058604,3.5332647886969623E-4,0.05732484076433121
0.0,0.0,1.0,1.0,0.0022946907412506722,0.3855448741939968,0.0359127391541432,0.0077844206150678545,0.06050955414012739
0.0,0.0,1.0,1.0,9.309888150217012E-4,0.38554273554540885,0.03518268103621965,0.0029843601926538865,0.06369426751592357
0.0,0.0,1.0,1.0,6.294008890287557E-4,0.30866045745693294,0.033794053407904354,0.0015147692944628337,0.06687898089171974
0.0,1.0,0.0,0.0,0.908238595387016,0.23390934268635646,0.6883730594411057,0.047096686802838295,0.0031847133757961785
0.0,1.0,0.0,0.0,0.09872415194786463,0.46991563031320505,0.16072580480292867,0.011612712973250203,0.006369426751592357
0.0,1.0,0.0,0.0,0.9189515230190264,0.549797363046291,0.8427491072602982,0.046386588484864426,0.0031847133757961785
0.0,1.0,0.0,0.0,0.9302938515400654,0.5458847054546232,0.8168667597647202,0.06655193590172001,0.0031847133757961785
0.0,1.0,0.0,0.0,0.8858424137524095,0.3537688334741277,0.783543296830856,0.04659163298015776,0.0031847133757961785
0.0,1.0,0.0,0.0,0.04314018593551263,0.30493600094100537,0.08938441751506886,2.437543344191793E-4,0.006369426751592357
0.0,1.0,0.0,1.0,0.8956112400508766,0.3924142134585155,0.7535615405692062,0.0463866265487706,0.0031847133757961785
0.0,1.0,0.0,1.0,0.8807678690846151,0.4028144615417517,0.7568846036297441,0.05030395384384579,0.0031847133757961785
0.0,1.0,0.0,1.0,0.8886878302715603,0.3862966091726638,0.7555848224543145,0.05090077167014656,0.0031847133757961785
0.0,1.0,0.0,1.0,0.8938017124949189,0.3592277339948886,0.7537536340577898,0.046709664539392216,0.0031847133757961785
0.0,1.0,0.0,1.0,0.9290350497620078,0.5375386293401199,0.7560732850802376,0.046813570929081526,0.0031847133757961785
0.0,1.0,1.0,0.0,0.9178369589447045,0.5347391383384839,0.8162574351044807,0.05977922276952416,0.0031847133757961785
0.0,1.0,1.0,0.0,0.04205184689823374,0.7623779633649496,0.18037681439307393,6.094089050819923E-4,0.006369426751592357
0.0,1.0,1.0,0.0,0.013715694373418304,0.7663366019012585,0.15121537704518812,5.967278570680022E-4,0.009554140127388535
0.0,1.0,1.0,0.0,0.007447910520173609,0.7651667611236459,0.15143614312276382,6.024478240592135E-4,0.012738853503184714
0.0,1.0,1.0,0.0,0.004864744371451425,0.8032175968005816,0.1803294981924054,6.109118526499592E-4,0.01592356687898089
0.0,1.0,1.0,0.0,0.0037108427415653727,0.7658179796186789,0.1513535969248584,6.037408434173801E-4,0.01910828025477707
0.0,1.0,1.0,0.0,0.002320915778293537,0.6129505865243752,0.1499614977274723,4.86814290913634E-4,0.022292993630573247
0.0,1.0,1.0,0.0,0.004812294297365695,0.7661612327170461,0.15286668673319306,0.009603809583371573,0.025477707006369428
0.0,1.0,1.0,0.0,0.0017570774818719433,0.6125249954553716,0.1210136261657561,4.799858568366083E-4,0.028662420382165606
0.0,1.0,1.0,0.0,0.866724361748161,0.3147181795823219,0.7789203240182564,0.0584962003772606,0.0031847133757961785
0.0,1.0,1.0,0.0,0.08194012824043115,0.7553247003218665,0.13171043050928047,0.01836639530581145,0.006369426751592357
0.0,1.0,1.0,0.0,0.021045592226899022,0.7714757744581198,0.15522259636593577,0.024593272023492076,0.009554140127388535
0.0,1.0,1.0,0.0,0.01005730170593866,0.7705240758364789,0.12449239552795044,0.020883140411134826,0.012738853503184714
0.0,1.0,1.0,0.0,0.007788836001730853,0.7851567094752825,0.1531690989722484,0.019718713615988096,0.01592356687898089
0.0,1.0,1.0,0.0,0.004668056593629939,0.7779815434626859,0.12225271917076301,0.0072216503761126285,0.01910828025477707
0.0,1.0,1.0,0.0,0.0041042182972083445,0.7717334816129687,0.15244405534298267,0.015046887033114542,0.022292993630573247
0.0,1.0,1.0,0.0,0.003212567037750941,0.7716511436423323,0.12270839475546204,0.009379357109737013,0.025477707006369428
0.0,1.0,1.0,0.0,0.0028585290376722658,0.7709635681213041,0.1504860903870581,0.004654693211289069,0.028662420382165606
0.0,1.0,1.0,0.0,0.003265017111836671,0.770917587176663,0.12259936177131284,0.007876727894439838,0.03184713375796178
0.0,1.0,1.0,0.0,0.0035534925193081834,0.4632302148272506,0.09269835163471687,0.014473229363542249,0.03503184713375796
0.0,1.0,1.0,1.0,0.8916119219018397,0.39637712929200036,0.7542229387655075,0.046409468352829275,0.0031847133757961785
0.0,1.0,1.0,1.0,0.060828973420924956,0.7664766833837697,0.03620705106536669,5.768850274350506E-4,0.006369426751592357
0.0,1.0,1.0,1.0,0.01615462281840473,0.7581284686206785,0.03607435998088323,5.720739803851732E-4,0.009554140127388535
0.0,1.0,1.0,1.0,0.008247774149980987,0.7712811574366157,0.03621515139319853,5.85381352673458E-4,0.012738853503184714
0.0,1.0,1.0,1.0,0.005441695186394451,0.770716554209395,0.03607384567435422,5.795345059950046E-4,0.01592356687898089
0.0,1.0,1.0,1.0,0.003959980593472588,0.7709261417710148,0.03610251826334629,5.805184002969816E-4,0.01910828025477707
0.0,1.0,1.0,1.0,0.0033043546674009676,0.7709624987970102,0.03605147334034248,5.804226638056989E-4,0.022292993630573247
0.0,1.0,1.0,1.0,0.00217667807455778,0.755300105863105,0.03599888549775165,4.6796919700308566E-4,0.025477707006369428
0.0,1.0,1.0,1.0,0.001783302518914808,0.48285445427034657,0.03317521407687828,4.607681980262492E-4,0.028662420382165606
0.0,1.0,1.0,1.0,0.9152406802774609,0.5344974710480447,0.7570229520860465,0.054503739545207486,0.0031847133757961785
0.0,1.0,1.0,1.0,0.03949490578655442,0.6141257739234577,0.034736648698939485,4.681145319175629E-4,0.006369426751592357
0.0,1.0,1.0,1.0,0.01805593800401243,0.7702000705754034,0.03726665109175061,0.008344966999141237,0.009554140127388535
0.0,1.0,1.0,1.0,0.00848379948336677,0.7704909267833655,0.035805377666213264,5.727233736935119E-4,0.012738853503184714
0.0,1.0,1.0,1.0,0.005546595334565911,0.7707710897483879,0.036071531294973695,5.809809344295638E-4,0.01592356687898089
0.0,1.0,1.0,1.0,0.004995869556665749,0.7715377952671706,0.037261636603092806,0.0082873866901674,0.01910828025477707
0.0,1.0,1.0,1.0,0.003251904593315238,0.7720756653870419,0.036060216551335574,5.816545502236488E-4,0.022292993630573247
0.0,1.0,1.0,1.0,0.0025307160746364556,0.7715538351315803,0.03582273551156721,5.747615228512998E-4,0.025477707006369428
0.0,1.0,1.0,1.0,0.003881305482343994,0.7710865404151117,0.03712753117565458,0.00793884472895843,0.028662420382165606
0.0,1.0,1.0,1.0,0.9246685810943708,0.6764652416138243,0.7569917079644095,0.04691536765560751,0.0031847133757961785
0.0,1.0,1.0,1.0,0.03442036111876008,0.7605462108493641,0.03607551717057349,5.760914526639368E-4,0.006369426751592357
0.0,1.0,1.0,1.0,0.014922046077390085,0.7620389875637583,0.03836083823221017,0.01155742572626034,0.009554140127388535
0.0,1.0,1.0,1.0,0.00788062363138088,0.7437845525412491,0.06672072885464064,0.010720272396385707,0.012738853503184714
0.0,1.0,1.0,1.0,0.006123546149508936,0.7627180084904348,0.037363083565939176,0.008400050085179814,0.01592356687898089
0.0,1.0,1.0,1.0,0.002871641556193698,0.6106911042911983,0.03473832019515875,4.666830983551323E-4,0.01910828025477707
0.0,1.0,1.0,1.0,0.004209118445379804,0.9031074563983018,0.038414068957962254,0.00594762375367453,0.022292993630573247
0.0,1.0,1.0,1.0,0.0026225037042864824,0.7629992407797512,0.03618326438840017,5.774894361270036E-4,0.025477707006369428
0.0,1.0,1.0,1.0,0.0014161520003147005,0.45775634376637403,0.03298967799653949,3.4322454886182604E-4,0.028662420382165606
0.5,0.0,0.0,0.0,0.47245715484573125,0.3324358138092539,0.8470263375087738,0.11856548972049899,0.0031847133757961785
0.5,0.0,0.0,0.0,0.023877896227528422,0.383633991680657,0.12427278664006502,0.014817022564093259,0.006369426751592357
0.5,0.0,0.0,0.0,0.012509342669446519,0.38621320187773345,0.17935334440035267,0.007137744838939473,0.009554140127388535
0.5,0.0,0.0,0.0,0.005835070742037423,0.23084252061122576,0.0610715859400424,0.004116815613519028,0.012738853503184714
0.5,0.0,0.0,0.0,0.45660411995331945,0.25593956179090427,0.7590524056495029,0.10881859560692117,0.0031847133757961785
0.5,0.0,0.0,0.0,0.0308275310438876,0.38774019696953493,0.20748218281462735,0.021757098077923264,0.006369426751592357
0.5,0.0,0.0,0.0,0.013112518521432411,0.38447020327854825,0.12199222291382164,0.008544641023309131,0.009554140127388535
0.5,0.0,0.0,0.0,0.00794618622398804,0.307756878428521,0.1784629512220116,0.006979455508394824,0.012738853503184714
0.5,0.0,0.0,0.0,0.46885121225233733,0.3149331137654116,0.8458380322735062,0.1166482430632323,0.0031847133757961785
0.5,0.0,0.0,0.0,0.025280935709321693,0.38353240587272897,0.1261245472977499,0.018585308904372044,0.006369426751592357
0.5,0.0,0.0,0.0,0.012653580373182278,0.38584107702342885,0.18044586004459295,0.009975508240953916,0.009554140127388535
0.5,0.0,0.0,0.0,0.006097321112466072,0.23084679790840165,0.11943020493957991,0.0052098022240382805,0.012738853503184714
0.5,0.0,0.0,0.0,0.457469546175734,0.3263192788476961,0.8435897412819579,0.11614100921683461,0.0031847133757961785
0.5,0.0,0.0,0.0,0.023182932745892504,0.3836970818140017,0.12563428459897527,0.01698538488454257,0.006369426751592357
0.5,0.0,0.0,0.0,0.012706030447268006,0.38459103692376784,0.17991200986748507,0.008560123805507766,0.009554140127388535
0.5,0.0,0.0,0.0,0.004287793556508398,0.15384475549900017,0.060458918287364403,0.003890822128410329,0.012738853503184714
0.5,0.0,0.0,1.0,0.46584844551092924,0.32570655602724635,0.7852547803827546,0.11533493679652747,0.0031847133757961785
0.5,0.0,0.0,1.0,0.02191101844931356,0.38587315675224826,0.009188986177111997,0.01804048060664454,0.006369426751592357
0.5,0.0,0.0,1.0,0.011093190669131822,0.3848615759701445,0.06430580254769454,0.009642278351091655,0.009554140127388535
0.5,0.0,0.0,1.0,0.005677720519780234,0.23087994696151498,0.003376936669451208,0.0051331726602026045,0.012738853503184714
0.5,0.0,0.0,1.0,0.465900895585015,0.3168546895216912,0.7881053243197685,0.11473838772447331,0.0031847133757961785
0.5,0.0,0.0,1.0,0.02386478370900699,0.3785579092571404,0.008689980267344249,0.01765476405052536,0.006369426751592357
0.5,0.0,0.0,1.0,0.012483117632403656,0.38458569030229794,0.06404530629075317,0.009658858065859081,0.009554140127388535
0.5,0.0,0.0,1.0,0.006031758519858909,0.2308756696643391,0.002620906071812878,0.00359165712766915,0.012738853503184714
0.5,0.0,0.0,1.0,0.45673524513853375,0.26319385780125537,0.7413175736098006,0.10427183894556889,0.0031847133757961785
0.5,0.0,0.0,1.0,0.030775080969801867,0.38314424115401474,0.053229697139028496,0.027703185433930463,0.006369426751592357
0.5,0.0,0.0,1.0,0.013623906743768276,0.3845664424650063,0.06434411838410546,0.01072857724864155,0.009554140127388535
0.5,0.0,0.0,1.0,0.006595596816280504,0.23085107520557757,0.0033845226907540417,0.006173077423386599,0.012738853503184714
0.5,0.0,0.0,1.0,0.4642356057327931,0.3151191761925639,0.7849247241677653,0.11480375844624381,0.0031847133757961785
0.5,0.0,0.0,1.0,0.025805436450178985,0.38777869264411813,0.009330034742691801,0.017490079983743714,0.006369426751592357
0.5,0.0,0.0,1.0,0.01299450585473952,0.3845386400333629,0.06416771124465652,0.010013520241799925,0.009554140127388535
0.5,0.0,0.0,1.0,0.002058665407864889,0.07693574430317482,0.0012439789170324564,0.0017664247730420852,0.012738853503184714
0.5,0.0,0.0,1.0,0.4808360541809265,0.2946790423131623,0.7636982651026434,0.11043486980462933,0.0031847133757961785
0.5,0.0,0.0,1.0,0.028021452080301063,0.3833730765529262,0.03062348223321667,0.023976440656706424,0.006369426751592357
0.5,0.0,0.0,1.0,0.01321741866960387,0.38495567650801454,0.06483939557153792,0.01197566385312306,0.009554140127388535
0.5,0.0,0.0,1.0,0.0071987726682663945,0.2875316787322091,0.004548141212629362,0.008420398126658329,0.012738853503184714
0.5,0.0,1.0,0.0,0.47031981432673775,0.3321171551696483,0.8447495025048657,0.1145586280439439,0.0031847133757961785
0.5,0.0,1.0,0.0,0.022920682375463856,0.38395051167167465,0.1833640352901711,0.016231413877623814,0.006369426751592357
0.5,0.0,1.0,0.0,0.012470005113882222,0.3855277650052931,0.12200868072274983,0.00834696593094115,0.009554140127388535
0.5,0.0,1.0,0.0,0.00941478829838847,0.3856015483815777,0.1803557278253847,0.009229325339928417,0.012738853503184714
0.5,0.0,1.0,0.0,0.008260886668502419,0.38487761583455415,0.12170884001633951,0.00915501882782097,0.01592356687898089
0.5,0.0,1.0,0.0,0.007815061038773717,0.37988066340879195,0.17956935314253503,0.007507559909892122,0.01910828025477707
0.5,0.0,1.0,0.0,0.007356122890523583,0.38498989488542185,0.18010256043648165,0.009056507131742853,0.022292993630573247
0.5,0.0,1.0,0.0,0.007159435112702096,0.38507757947752813,0.12115737484061319,0.005970986917902596,0.025477707006369428
0.5,0.0,1.0,0.0,0.006831622149666286,0.38664200091961887,0.17973714564762314,0.007375624643839346,0.028662420382165606
0.5,0.0,1.0,0.0,0.007329897853480718,0.3850134200198894,0.17968160054249052,0.007774848119391295,0.03184713375796178
0.5,0.0,1.0,0.0,0.006739834520016259,0.38502945988429904,0.17893495603900655,0.006122392448688513,0.03503184713375796
0.5,0.0,1.0,0.0,0.006372684001416153,0.359105831025375,0.12196072163892005,0.007558226429362973,0.03821656050955414
0.5,0.0,1.0,0.0,0.006739834520016259,0.3923511233251708,0.17907870471386364,0.0052615910520153715,0.041401273885350316
0.5,0.0,1.0,0.0,0.006621821853323368,0.3851727493396922,0.1789580998328118,0.005033945824069122,0.044585987261146494
0.5,0.0,1.0,0.0,0.006621821853323368,0.38522942352727313,0.12121574863165534,0.006187021501014498,0.04777070063694268
0.5,0.0,1.0,0.0,0.006595596816280504,0.3861436957986248,0.17896851454002416,0.00534766277148526,0.050955414012738856
0.5,0.0,1.0,0.0,0.006884072223752016,0.3850797181261161,0.132235408898763,0.004858149403588477,0.054140127388535034
0.5,0.0,1.0,0.0,0.006608709334801935,0.3850059347498316,0.16774647465375278,0.006487665226837898,0.05732484076433121
0.5,0.0,1.0,0.0,0.006674271927409097,0.38516954136681025,0.17910660584306218,0.00617738210513921,0.06050955414012739
0.5,0.0,1.0,0.0,0.006516921705151908,0.38543045649454105,0.12102648382898125,0.005476228805115909,0.06369426751592357
0.5,0.0,1.0,0.0,0.00668738444593053,0.3850454997487088,0.17904797489875554,0.005722559950637804,0.06687898089171974
0.5,0.0,1.0,0.0,0.006923409779316314,0.3850690248831763,0.1796470134284149,0.007292497686565176,0.07006369426751592
0.5,0.0,1.0,0.0,0.006805397112623422,0.3854518429804207,0.17902225957230528,0.005698261337079252,0.0732484076433121
0.5,0.0,1.0,0.0,0.0067791720755805565,0.38506047028882445,0.1219393779179663,0.007571258126694431,0.07643312101910828
0.5,0.0,1.0,0.0,0.006739834520016259,0.38503694515435694,0.1791666511303236,0.006000763273594897,0.07961783439490445
0.5,0.0,1.0,0.0,0.006477584149587612,0.3852443940673888,0.17876189189199615,0.004459123168277605,0.08280254777070063
0.5,0.0,1.0,0.0,0.007513473112780772,0.4284857298672968,0.18057070795450908,0.008506113429552237,0.08598726114649681
0.5,0.0,1.0,0.0,0.006766059557059125,0.38555235946405464,0.12171745465070036,0.007362444151238303,0.08917197452229299
0.5,0.0,1.0,0.0,0.006674271927409097,0.38513104569222706,0.17942007567249116,0.007199154607564617,0.09235668789808917
0.5,0.0,1.0,0.0,0.0062940088902875575,0.3850711635317643,0.12134856829277105,0.006202882615371454,0.09554140127388536
0.5,0.0,1.0,0.0,0.006320233927330423,0.38586032486072047,0.17924919732822903,0.005147656553227133,0.09872611464968153
0.5,0.0,1.0,0.0,0.006503809186630476,0.38503694515435694,0.17870068941504447,0.004595657246267054,0.10191082802547771
0.5,0.0,1.0,0.0,0.006648046890366233,0.3728327469871788,0.12082513282287553,0.004660724610239875,0.10509554140127389
0.5,0.0,1.0,0.0,0.00658248429775907,0.3851096592063475,0.17908641931179872,0.004937238126453245,0.10828025477707007
0.5,0.0,1.0,0.0,0.001403039481793268,0.07926366329116631,0.0012636511417669233,0.001515783178509068,0.11146496815286625
0.5,0.0,1.0,0.0,0.4700051138822234,0.3297838895601869,0.8474553977305967,0.11857580388562006,0.0031847133757961785
0.5,0.0,1.0,0.0,0.023432070597799722,0.38385641113380453,0.1254373051983661,0.017636200398830147,0.006369426751592357
0.5,0.0,1.0,0.0,0.011735704076682008,0.3846113540853534,0.18043364526452907,0.009318242624747633,0.009554140127388535
0.5,0.0,1.0,0.0,0.009532800965081363,0.3848134563769154,0.1210768858688238,0.006839256914347485,0.012738853503184714
0.5,0.0,1.0,0.0,0.008260886668502419,0.38494177529219287,0.17954273777965898,0.007789425442003702,0.01592356687898089
0.5,0.0,1.0,0.0,0.007762610964687988,0.3849524685351326,0.1801646629498591,0.010429797500768905,0.01910828025477707
0.5,0.0,1.0,0.0,0.007369235409045016,0.38502197461424126,0.12215924395911623,0.009343842331826266,0.022292993630573247
0.5,0.0,1.0,0.0,0.0077757234832094195,0.38495032988654465,0.18004842967430382,0.009726043167157142,0.025477707006369428
0.5,0.0,1.0,0.0,0.007185660149744962,0.3849695777238363,0.12109810101314529,0.006035003487374712,0.028662420382165606
0.5,0.0,1.0,0.0,0.007159435112702096,0.3877551675096506,0.17938831724432505,0.007181525251748188,0.03184713375796178
0.5,0.0,1.0,0.0,0.0070020848904449075,0.3850690248831763,0.12141259945563225,0.007890211744838558,0.03503184713375796
0.5,0.0,1.0,0.0,0.006648046890366233,0.38506688623458835,0.17961988375900984,0.0074366272440136135,0.03821656050955414
0.5,0.0,1.0,0.0,0.006333346445851855,0.3850519156944726,0.12145438686111397,0.008114892601910154,0.041401273885350316
0.5,0.0,1.0,0.0,0.006556259260716206,0.38501555866847736,0.17919030923065787,0.005852038364564893,0.044585987261146494
0.5,0.0,1.0,0.0,0.006752947038537693,0.3850626089374124,0.12116110356294849,0.006305711681170908,0.04777070063694268
0.5,0.0,1.0,0.0,0.007028309927487773,0.3852957216334998,0.17915122193445343,0.005822698013616024,0.050955414012738856
0.5,0.0,1.0,0.0,0.006595596816280504,0.385034806505769,0.1789260842513812,0.00657319367055605,0.054140127388535034
0.5,0.0,1.0,0.0,0.006923409779316314,0.3851727493396922,0.12114143133821402,0.005815213265520446,0.05732484076433121
0.5,0.0,1.0,0.0,0.007211885186787826,0.38499203353400985,0.17892762717096822,0.005551441930261284,0.06050955414012739
0.5,0.0,1.0,0.0,0.006897184742273448,0.3850241132628292,0.12141234230236775,0.007723187324553148,0.06369426751592357
0.5,0.0,1.0,0.0,0.006857847186709152,0.38515991744816447,0.17897417191184323,0.004922289392392728,0.06687898089171974
0.5,0.0,1.0,0.0,0.006569371779237638,0.3850529850187666,0.12073770071294457,0.0056866852957959705,0.07006369426751592
0.5,0.0,1.0,0.0,0.006700496964451963,0.38499096420971585,0.17882888031739913,0.005371548449334423,0.0732484076433121
0.5,0.0,1.0,0.0,0.006556259260716206,0.3850123506955954,0.12081818968473396,0.005451328089768809,0.07643312101910828
0.5,0.0,1.0,0.0,0.006608709334801935,0.3850465690730028,0.17891978399640088,0.005096351021513264,0.07961783439490445
0.5,0.0,1.0,0.0,0.00668738444593053,0.38556412203128837,0.12057145112744348,0.00511201258872574,0.08280254777070063
0.5,0.0,1.0,0.0,0.006516921705151908,0.3850027267769496,0.17894794227886393,0.005626351697608979,0.08598726114649681
0.5,0.0,1.0,0.0,0.006700496964451963,0.3850187666413593,0.17864154416420883,0.004846827121679679,0.08917197452229299
0.5,0.0,1.0,0.0,0.006831622149666286,0.3850198359656533,0.12153333291331633,0.007191764442508619,0.09235668789808917
0.5,0.0,1.0,0.0,0.0067136094829733945,0.3850112813713015,0.17918426612894206,0.005731801405675832,0.09554140127388536
0.5,0.0,1.0,0.0,0.006530034223673342,0.3850487077215907,0.12066955509785132,0.003531287772479391,0.09872611464968153
0.5,0.0,1.0,0.0,0.006516921705151908,0.3849952415068918,0.1788527955709979,0.003937200114452399,0.10191082802547771
0.5,0.0,1.0,0.0,0.0067791720755805565,0.3850176973170653,0.17883775210502448,0.005444633456089238,0.10509554140127389
0.5,0.0,1.0,0.0,0.006189108742116098,0.3669536020188842,0.1206449969610913,0.003883909492359043,0.10828025477707007
0.5,0.0,1.0,0.0,0.006621821853323368,0.38505084637017867,0.17920908141896658,0.005272502705118186,0.11146496815286625
0.5,0.0,1.0,0.0,0.005205669853008668,0.30806484382518684,0.12000519963900824,0.0045400654880278085,0.11464968152866242
0.5,0.0,1.0,1.0,0.4475171446179668,0.18294320818674678,0.6932845582164775,0.09731341201515689,0.0031847133757961785
0.5,0.0,1.0,1.0,0.039062192675347156,0.3823026829346535,0.09900130672431356,0.0329074095655369,0.006369426751592357
0.5,0.0,1.0,1.0,0.014541783040268545,0.3843536469305046,0.06365469048197336,0.008740912364955533,0.009554140127388535
0.5,0.0,1.0,1.0,0.010109751780024389,0.3847503662435707,0.0045932716105496095,0.00630353165745375,0.012738853503184714
0.5,0.0,1.0,1.0,0.008444461927802474,0.3849139728605494,0.06254430268585012,0.005924666604445637,0.01592356687898089
0.5,0.0,1.0,1.0,0.007565923186866501,0.3858710181036603,0.0046529311679142675,0.00711406908930011,0.01910828025477707
0.5,0.0,1.0,1.0,0.007238110223830691,0.3851492242052247,0.0632951902181984,0.008028793199599413,0.022292993630573247
0.5,0.0,1.0,1.0,0.007054534964530637,0.385034806505769,0.00459790036931066,0.006882081115695076,0.025477707006369428
0.5,0.0,1.0,1.0,0.007159435112702096,0.38503801447865094,0.06296050524444796,0.006909055737202732,0.028662420382165606
0.5,0.0,1.0,1.0,0.007041422446009206,0.3850176973170653,0.004918956220042448,0.007048329262984906,0.03184713375796178
0.5,0.0,1.0,1.0,0.007211885186787826,0.3880257065560272,0.06287718758674905,0.006314755895967861,0.03503184713375796
0.5,0.0,1.0,1.0,0.00701519740896634,0.3850037961012436,0.0049692296832527525,0.007924291628831768,0.03821656050955414
0.5,0.0,1.0,1.0,0.006805397112623422,0.3850166279927713,0.06314179829592247,0.006375170235774006,0.041401273885350316
0.5,0.0,1.0,1.0,0.006923409779316314,0.3851075205577595,0.004665145947978152,0.006507234688417429,0.044585987261146494
0.5,0.0,1.0,1.0,0.006739834520016259,0.38533421730808304,0.06268445121500417,0.00570592948399548,0.04777070063694268
0.5,0.0,1.0,1.0,0.0071987726682663945,0.38502518258712315,0.004742291927329002,0.005670808033115183,0.050955414012738856
0.5,0.0,1.0,1.0,0.006884072223752016,0.3850037961012436,0.06268869424386847,0.006399412330199149,0.054140127388535034
0.5,0.0,1.0,1.0,0.006844734668187719,0.3850594009645305,0.004788836668204015,0.0062171127490215,0.05732484076433121
0.5,0.0,1.0,1.0,0.006726722001494827,0.38502197461424126,0.06274359646583982,0.0052830752434205545,0.06050955414012739
0.5,0.0,1.0,1.0,0.007106985038616367,0.38617256755456225,0.004746277802928796,0.006514395316584688,0.06369426751592357
0.5,0.0,1.0,1.0,0.006949634816359178,0.38745896468021856,0.06293504707126218,0.005297653719484664,0.06687898089171974
0.5,0.0,1.0,1.0,0.006923409779316314,0.3849717163724242,0.06262517738753627,0.006155594555936349,0.07006369426751592
0.5,0.0,1.0,1.0,0.007041422446009206,0.384983478939658,0.004411592829178358,0.004430397607086009,0.0732484076433121
0.5,0.0,1.0,1.0,0.007408572964609313,0.38494498326507476,0.06317818548284962,0.00650108102358619,0.07643312101910828
0.5,0.0,1.0,1.0,0.007185660149744962,0.3849770629938941,0.004918570490145694,0.006518103663807262,0.07961783439490445
0.5,0.0,1.0,1.0,0.006398909038459017,0.38499738015547974,0.0626412494665677,0.0058335243112928765,0.08280254777070063
0.5,0.0,1.0,1.0,0.006477584149587612,0.385933038912711,0.0045418409576490435,0.005242939737990793,0.08598726114649681
0.5,0.0,1.0,1.0,0.006700496964451963,0.38499738015547974,0.06260383366658254,0.0050113081809617386,0.08917197452229299
0.5,0.0,1.0,1.0,0.006818509631144855,0.38502197461424126,0.004344090097246364,0.00535856173661935,0.09235668789808917
0.5,0.0,1.0,1.0,0.007041422446009206,0.38586032486072047,0.06261373406726589,0.005639187308151064,0.09554140127388536
0.5,0.0,1.0,1.0,0.006556259260716206,0.38498668691253995,0.004360805059439048,0.005476844748324884,0.09872611464968153
0.5,0.0,1.0,1.0,0.006857847186709152,0.3849888255611279,0.06299702100800737,0.007308121189871479,0.10191082802547771
0.5,0.0,1.0,1.0,0.006792284594101989,0.3850037961012436,0.004589157158317565,0.006068072947676795,0.10509554140127389
0.5,0.0,1.0,1.0,0.007028309927487773,0.38498668691253995,0.062436041161494434,0.004697468967665167,0.10828025477707007
0.5,0.0,1.0,1.0,0.006018646001337477,0.35801832821839874,0.004444894176931475,0.005415048573379503,0.11146496815286625
0.5,0.0,1.0,1.0,0.4493922347665317,0.2648384785653945,0.7609193383497935,0.10805918146141973,0.0031847133757961785
0.5,0.0,1.0,1.0,0.026579075042943497,0.38340301763315754,0.03528335653927251,0.02303348812289917,0.006369426751592357
0.5,0.0,1.0,1.0,0.012129079632324982,0.3845739277350642,0.06421091299309299,0.011293539045830955,0.009554140127388535
0.5,0.0,1.0,1.0,0.009309888150217011,0.38956660286365047,0.004798222762358368,0.0067798922155903425,0.012738853503184714
0.5,0.0,1.0,1.0,0.008273999187023852,0.38496743907524833,0.06357188713080344,0.007959869846586138,0.01592356687898089
0.5,0.0,1.0,1.0,0.007592148223909367,0.3849546071837206,0.0047516780214833555,0.007499723359027374,0.01910828025477707
0.5,0.0,1.0,1.0,0.007447910520173609,0.3862741533624902,0.06332656291646775,0.007408617976329084,0.022292993630573247
0.5,0.0,1.0,1.0,0.006648046890366233,0.38517488798828015,0.004659488576159089,0.006199941313530844,0.025477707006369428
0.5,0.0,1.0,1.0,0.006870959705230584,0.3850754408289402,0.06282794273659675,0.006054653690573397,0.028662420382165606
0.5,0.0,1.0,1.0,0.006818509631144855,0.38522193825721524,0.004812751921802778,0.006223407134960407,0.03184713375796178
0.5,0.0,1.0,1.0,0.006831622149666286,0.3852946523092058,0.06286497280668517,0.005992618751125661,0.03503184713375796
0.5,0.0,1.0,1.0,0.005310570001180127,0.30808409166247847,0.004095165737207622,0.004691051162394125,0.03821656050955414
0.5,0.0,1.0,1.0,0.00668738444593053,0.38617256755456225,0.06285262944998903,0.005231602461209866,0.041401273885350316
0.5,0.0,1.0,1.0,0.006621821853323368,0.3860752590438102,0.004264372585250486,0.005077191035288015,0.044585987261146494
0.5,0.0,1.0,1.0,0.006844734668187719,0.3859137910754194,0.06323321628145322,0.007535874842277735,0.04777070063694268
0.5,0.0,1.0,1.0,0.006884072223752016,0.3856935102708598,0.004396163633308188,0.005314366081197844,0.050955414012738856
0.5,0.0,1.0,1.0,0.006438246594023314,0.3850594009645305,0.06280222741014647,0.005001025159036623,0.054140127388535034
0.5,0.0,1.0,1.0,0.006464471631066179,0.38501555866847736,0.06262864895660705,0.005334100486370789,0.05732484076433121
0.5,0.0,1.0,1.0,0.0067136094829733945,0.3850390838029449,0.00456151318238351,0.005993810266734034,0.06050955414012739
0.5,0.0,1.0,1.0,0.0066349343718448,0.3850594009645305,0.0624509560508356,0.0045345808251838465,0.06369426751592357
0.5,0.0,1.0,1.0,0.007028309927487773,0.3850123506955954,0.0049033984475400265,0.006079554405920497,0.06687898089171974
0.5,0.0,1.0,1.0,0.006910297260794881,0.39055893580846257,0.06278769825070206,0.006083327346438394,0.07006369426751592
0.5,0.0,1.0,1.0,0.006412021556980449,0.38507757947752813,0.0046873897053576466,0.005398205871623974,0.0732484076433121
0.5,0.0,1.0,1.0,0.006884072223752016,0.38533207865949504,0.06251241568105177,0.005561579617271922,0.07643312101910828
0.5,0.0,1.0,1.0,0.006543146742194774,0.38504977704588467,0.004678775070996802,0.006263179303103975,0.07961783439490445
0.5,0.0,1.0,1.0,0.00668738444593053,0.3850176973170653,0.06284774353796348,0.005653086401162578,0.08280254777070063
0.5,0.0,1.0,1.0,0.0067136094829733945,0.3850059347498316,0.004502367931547858,0.00594843116986607,0.08598726114649681
0.5,0.0,1.0,1.0,0.006661159408887665,0.3850583316402365,0.06277484058747691,0.005322079212730457,0.08917197452229299
0.5,0.0,1.0,1.0,0.006648046890366233,0.38505084637017867,0.004254472184567127,0.004634078722467346,0.09235668789808917
0.5,0.0,1.0,1.0,0.006516921705151908,0.38501448934418336,0.06293376130493968,0.005716342845962944,0.09554140127388536
0.5,0.0,1.0,1.0,0.00658248429775907,0.3850198359656533,0.06255818896213328,0.005722464214146521,0.09872611464968153
0.5,0.0,1.0,1.0,0.006844734668187719,0.3850283905600051,0.004865982647554864,0.005771413244032795,0.10191082802547771
0.5,0.0,1.0,1.0,0.006595596816280504,0.38502090528994726,0.06267827953665611,0.0053002824359139784,0.10509554140127389
0.5,0.0,1.0,1.0,0.0027798539265436713,0.15401263941315482,0.0019542362335892823,0.001864922627699777,0.10828025477707007
0.5,0.0,1.0,1.0,0.4616655521025923,0.2616251590619887,0.7563926694347501,0.10939634918348798,0.0031847133757961785
0.5,0.0,1.0,1.0,0.030211242673380274,0.38309505223649176,0.03708060070488281,0.023997160109633046,0.006369426751592357
0.5,0.0,1.0,1.0,0.014764695855132895,0.4054236128190596,0.06360120260295678,0.008802332514645995,0.009554140127388535
0.5,0.0,1.0,1.0,0.010726040150531713,0.38467230557011023,0.004915741804236163,0.0075077617639400076,0.012738853503184714
0.5,0.0,1.0,1.0,0.008523137038931067,0.3848679919159083,0.06314861285743179,0.007738187963940262,0.01592356687898089
0.5,0.0,1.0,1.0,0.007736385927645123,0.38743330089716305,0.005280127980036678,0.008339510019138128,0.01910828025477707
0.5,0.0,1.0,1.0,0.007762610964687988,0.3849588844808965,0.06322884467595667,0.008044174478048255,0.022292993630573247
0.5,0.0,1.0,1.0,0.00772327340912369,0.38496743907524833,0.005323715458369908,0.009812893466526015,0.025477707006369428
0.5,0.0,1.0,1.0,0.007146322594180665,0.38503587583006293,0.06337812214600057,0.00910606633757959,0.028662420382165606
0.5,0.0,1.0,1.0,0.007552810668345069,0.3852561566346226,0.00462593007514147,0.006649491040301493,0.03184713375796178
0.5,0.0,1.0,1.0,0.0071987726682663945,0.3862516975523167,0.06351325618649681,0.008564123976010996,0.03503184713375796
0.5,0.0,1.0,1.0,0.007329897853480718,0.38498134029107006,0.004839624437943324,0.007575821181628336,0.03821656050955414
0.5,0.0,1.0,1.0,0.007552810668345069,0.38495567650801454,0.06253813100750207,0.005555712008462829,0.041401273885350316
0.5,0.0,1.0,1.0,0.006595596816280504,0.38503052920859304,0.004542098110913546,0.005393329077827072,0.044585987261146494
0.5,0.0,1.0,1.0,0.006595596816280504,0.38500058812836163,0.06247654280065363,0.00521375971682853,0.04777070063694268
0.5,0.0,1.0,1.0,0.006988972371923475,0.3850283905600051,0.0042561436807863956,0.005233814781574687,0.050955414012738856
0.5,0.0,1.0,1.0,0.005481032741958747,0.30808729963536036,0.043718883651391205,0.003666463084363648,0.054140127388535034
0.5,0.0,1.0,1.0,0.007172547631223529,0.3852240769058032,0.02255349848658875,0.00740292799908213,0.05732484076433121
0.5,0.0,1.0,1.0,0.007316785334959286,0.38505512366735456,0.005149879851565993,0.007197009187398524,0.06050955414012739
0.5,0.0,1.0,1.0,0.00696274733488061,0.38506581691029435,0.06260949103840159,0.005478923268292249,0.06369426751592357
0.5,0.0,1.0,1.0,0.007316785334959286,0.38514708555663674,0.0046981901424667655,0.006018534503970697,0.06687898089171974
0.5,0.0,1.0,1.0,0.007146322594180665,0.3849588844808965,0.062669022019134,0.004735026508540511,0.07006369426751592
0.5,0.0,1.0,1.0,0.006844734668187719,0.38506581691029435,0.004721205359639769,0.0049347501311315985,0.0732484076433121
0.5,0.0,1.0,1.0,0.0057170580753445315,0.30801779355625175,0.06183905985795111,0.004013043024227175,0.07643312101910828
0.5,0.0,1.0,1.0,0.00858869963153823,0.4564079258316669,0.06381798280493266,0.006422138789087602,0.07961783439490445
0.5,0.0,1.0,1.0,0.007382347927566447,0.3849513992108386,0.004853896444123231,0.007428563463163531,0.08280254777070063
0.5,0.0,1.0,1.0,0.007644598297995096,0.3849428446164868,0.06253131644599273,0.004131576334952086,0.08598726114649681
0.5,0.0,1.0,1.0,0.007172547631223529,0.3859309002641231,0.004581956866911485,0.005787976810476391,0.08917197452229299
0.5,0.0,1.0,1.0,0.007565923186866501,0.38594480147994475,0.06234655182544745,0.0044642664094177165,0.09235668789808917
0.5,0.0,1.0,1.0,0.0070676474830520695,0.38926933070992437,0.0043052599543064365,0.004023166869817386,0.09554140127388536
0.5,0.0,1.0,1.0,0.0069758598534020435,0.385784402835848,0.0625782469167645,0.004396550720336644,0.09872611464968153
0.5,0.0,1.0,1.0,0.007120097557137799,0.3864046109263556,0.0047946226166553285,0.004961476760523282,0.10191082802547771
0.5,0.0,1.0,1.0,0.0069758598534020435,0.38524974068885864,0.06340936626763766,0.006426629176564267,0.10509554140127389
0.5,0.0,1.0,1.0,0.007106985038616367,0.38545612027759657,0.0044339651631901044,0.0061331080150019545,0.10828025477707007
0.5,0.0,1.0,1.0,0.00701519740896634,0.38543152581883505,0.06298789206711751,0.006295402129856642,0.11146496815286625
0.5,0.0,1.0,1.0,0.0067791720755805565,0.3876525123774287,0.004204327297989074,0.004331073881009542,0.11464968152866242
0.5,0.0,1.0,1.0,0.0043664686676369935,0.23154613599666368,0.0027615689074959276,0.003202594408161884,0.1178343949044586
0.5,0.0,1.0,1.0,0.4741880072905603,0.31353443758888755,0.7857549434822126,0.11555911359520521,0.0031847133757961785
0.5,0.0,1.0,1.0,0.025320273264885985,0.3835249206026712,0.009445367981821322,0.017843969347044082,0.006369426751592357
0.5,0.0,1.0,1.0,0.012719142965789439,0.38464450313846676,0.06467738901490114,0.011143645690226623,0.009554140127388535
0.5,0.0,1.0,1.0,0.010044189187417228,0.3855683993284643,0.005398675634972484,0.008603859233700094,0.012738853503184714
0.5,0.0,1.0,1.0,0.00864114970562396,0.38484553610573474,0.06324504533162036,0.007173431481153848,0.01592356687898089
0.5,0.0,1.0,1.0,0.008378899335195311,0.3849193194820193,0.004943385780170217,0.0071425293566002,0.01910828025477707
0.5,0.0,1.0,1.0,0.007565923186866501,0.3850080733984195,0.06284735780806672,0.006766592917463973,0.022292993630573247
0.5,0.0,1.0,1.0,0.008011748816595204,0.3849374979950169,0.005625999120792989,0.01009992530881175,0.025477707006369428
0.5,0.0,1.0,1.0,0.007054534964530637,0.38498561758824595,0.06276018285140025,0.005515246615846238,0.028662420382165606
0.5,0.0,1.0,1.0,0.00696274733488061,0.3850786488018221,0.0044721524229687755,0.0057050113364405285,0.03184713375796178
0.5,0.0,1.0,1.0,0.006910297260794881,0.3912678978153704,0.06264909264113504,0.006044874727042143,0.03503184713375796
0.5,0.0,1.0,1.0,0.00668738444593053,0.38617042890597425,0.004827152504614937,0.007400150487383231,0.03821656050955414
0.5,0.0,1.0,1.0,0.006215333779158963,0.38504977704588467,0.06260383366658254,0.0052487266051807315,0.041401273885350316
0.5,0.0,1.0,1.0,0.006477584149587612,0.38504229177582683,0.004419178850481192,0.005131864645972309,0.044585987261146494
0.5,0.0,1.0,1.0,0.006556259260716206,0.3850444304244148,0.06302620790352843,0.007179287555445919,0.04777070063694268
0.5,0.0,1.0,1.0,0.006674271927409097,0.3876493044045467,0.004587742815362799,0.0066496513700880985,0.050955414012738856
0.5,0.0,1.0,1.0,0.006569371779237638,0.3850743715046462,0.06251935881919335,0.005780072205961212,0.054140127388535034
0.5,0.0,1.0,1.0,0.006739834520016259,0.38547216014200625,0.0041910839048671785,0.005111884555586796,0.05732484076433121
0.5,0.0,1.0,1.0,0.006608709334801935,0.38576836297143835,0.06285918685823384,0.005714278167416005,0.06050955414012739
0.5,0.0,1.0,1.0,0.006385796519937584,0.38542724852165916,0.0041221668299804195,0.005227445421275136,0.06369426751592357
0.5,0.0,1.0,1.0,0.006792284594101989,0.3850594009645305,0.06363681833009041,0.007168340145340336,0.06687898089171974
0.5,0.0,1.0,1.0,0.006241558816201828,0.3850936193419378,0.004916641840661923,0.006536260147051597,0.07006369426751592
0.5,0.0,1.0,1.0,0.00630712140880899,0.38506047028882445,0.0634582253878932,0.00739012699209111,0.0732484076433121
0.5,0.0,1.0,1.0,0.006569371779237638,0.38506153961311845,0.005113106934742088,0.007283471926995458,0.07643312101910828
0.5,0.0,1.0,1.0,0.006543146742194774,0.38508506474758597,0.06241071156494091,0.004506256665184616,0.07961783439490445
0.5,0.0,1.0,1.0,0.006438246594023314,0.38579188810590587,0.004575270882034412,0.006475498618283089,0.08280254777070063
0.5,0.0,1.0,1.0,0.006700496964451963,0.3850711635317643,0.063440738965907,0.007528595408585149,0.08598726114649681
0.5,0.0,1.0,1.0,0.006766059557059125,0.3850080733984195,0.06264909264113504,0.005914367434196691,0.08917197452229299
0.5,0.0,1.0,1.0,0.006241558816201828,0.3850594009645305,0.00470037594521504,0.006048151683328094,0.09235668789808917
0.5,0.0,1.0,1.0,0.006661159408887665,0.3851139365035234,0.06286947298881396,0.00601933269254862,0.09554140127388536
0.5,0.0,1.0,1.0,0.0067136094829733945,0.38499096420971585,0.004759906925947446,0.005556796253062897,0.09872611464968153
0.5,0.0,1.0,1.0,0.00668738444593053,0.3855962017601078,0.06284092897645414,0.005639227678960641,0.10191082802547771
0.5,0.0,1.0,1.0,0.007146322594180665,0.38538447554989996,0.004745249189870784,0.005939730683676373,0.10509554140127389
0.5,0.0,1.0,1.0,0.006792284594101989,0.3850198359656533,0.06244092707351999,0.0044258403194106155,0.10828025477707007
0.5,0.0,1.0,1.0,0.006726722001494827,0.38516954136681025,0.00443717957899639,0.005394607102313109,0.11146496815286625
0.5,0.0,1.0,1.0,0.0010227764446717282,0.07702235957098709,0.0010896869583307564,0.0011108558842897393,0.11464968152866242
0.5,1.0,0.0,0.0,0.8984828816070703,0.3889645732861405,0.7731756486658953,0.12424021487559485,0.0031847133757961785
0.5,1.0,0.0,0.0,0.06488074164404757,0.6134649315097789,0.23507074222018157,0.027925636668861706,0.006369426751592357
0.5,1.0,0.0,0.0,0.9288252494656649,0.5416961621951089,0.884484567782579,0.14049496423460586,0.0031847133757961785
0.5,1.0,0.0,0.0,0.046431428084392164,0.6145952072885144,0.124384262580227,0.017786464012430888,0.006369426751592357
0.5,1.0,0.0,0.0,0.9301496138363295,0.5398579937337596,0.8863592150808046,0.14180892450842586,0.0031847133757961785
0.5,1.0,0.0,0.0,0.03775094082320391,0.45992386411026864,0.12356342935993395,0.01597775369998614,0.006369426751592357
0.5,1.0,0.0,0.0,0.9261109581317283,0.6280964958242886,0.8897546667853,0.15391372189341704,0.0031847133757961785
0.5,1.0,0.0,0.0,0.026277487116950552,0.3063731727921127,0.12017157780114159,0.00794974369409252,0.006369426751592357
0.5,1.0,1.0,0.0,0.9341095944298021,0.5399478169744538,0.8825033304562169,0.14346197882056208,0.0031847133757961785
0.5,1.0,1.0,0.0,0.05364331327117999,0.7668071045906091,0.18712040160139623,0.022478465619027624,0.006369426751592357
0.5,1.0,1.0,0.0,0.0227764446717281,0.7696408139696524,0.12347586867337074,0.015915677236277122,0.009554140127388535
0.5,1.0,1.0,0.0,0.016325085559183352,0.7705422543494765,0.1808848206670993,0.013038005558818254,0.012738853503184714
0.5,1.0,1.0,0.0,0.013899269632718356,0.7699862057166077,0.18099153927186795,0.015354502221026042,0.01592356687898089
0.5,1.0,1.0,0.0,0.013243643706646735,0.7704032421912593,0.1807410719922422,0.013518139057472744,0.01910828025477707
0.5,1.0,1.0,0.0,0.012273317336060737,0.7734935894008574,0.18084496191110133,0.013512058060098744,0.022292993630573247
0.5,1.0,1.0,0.0,0.009545913483602796,0.6161040238673182,0.121411956572471,0.00904909851145962,0.025477707006369428
0.5,1.0,1.0,0.0,0.012115967113803548,0.7701957932782275,0.18014254776911184,0.009940312969164677,0.028662420382165606
0.5,1.0,1.0,0.0,0.0113685535580819,0.773421944673161,0.18030429717248414,0.010269306230924756,0.03184713375796178
0.5,1.0,1.0,0.0,0.010909615409831767,0.7704032421912593,0.1804827615380491,0.01090519377328246,0.03503184713375796
0.5,1.0,1.0,0.0,0.010909615409831767,0.7703743704353219,0.18011786105571959,0.009941030416123446,0.03821656050955414
0.5,1.0,1.0,0.0,0.010476902298624496,0.7705401157008885,0.17991548143655586,0.008806505702904557,0.041401273885350316
0.5,1.0,1.0,0.0,0.011027628076524658,0.7702931017889795,0.18026109542404767,0.010016608032006716,0.044585987261146494
0.5,1.0,1.0,0.0,0.010660477557924552,0.7702952404375674,0.1802088933113536,0.010705976515988636,0.04777070063694268
0.5,1.0,1.0,0.0,0.008549362075973932,0.6165338922334976,0.12086640592182823,0.008726015536221616,0.050955414012738856
0.5,1.0,1.0,0.0,0.9280647233914218,0.57767357806602,0.8894473686342191,0.14757420946356486,0.0031847133757961785
0.5,1.0,1.0,0.0,0.04969644519622884,0.7671375257974485,0.24190111865527358,0.01992891404039027,0.006369426751592357
0.5,1.0,1.0,0.0,0.025543186079750337,0.7691371622271885,0.18221957468650124,0.015894783612143467,0.009554140127388535
0.5,1.0,1.0,0.0,0.01886891415234124,0.7697017654544094,0.18164265133758914,0.01587962494987315,0.012738853503184714
0.5,1.0,1.0,0.0,0.015459659336768811,0.7699092143674412,0.18120883378037286,0.014583119860662573,0.01592356687898089
0.5,1.0,1.0,0.0,0.014122182447582707,0.7700375332827186,0.18130680917414843,0.016297823859377995,0.01910828025477707
0.5,1.0,1.0,0.0,0.013335431336296763,0.7701273565234128,0.18064746820396316,0.012860001431779598,0.022292993630573247
0.5,1.0,1.0,0.0,0.012824043113960898,0.7701508816578804,0.18059526609126908,0.012918875913563305,0.025477707006369428
0.5,1.0,1.0,0.0,0.012810930595439465,0.7701327031448827,0.18013200448526723,0.010783912940602906,0.028662420382165606
0.5,1.0,1.0,0.0,0.01283715563248233,0.7701359111177646,0.1803424844322628,0.011768923783827488,0.03184713375796178
0.5,1.0,1.0,0.0,0.01245689259536079,0.7704385298929606,0.18084097603550156,0.012999369540601352,0.03503184713375796
0.5,1.0,1.0,0.0,0.012155304669367845,0.7704406685415486,0.18035984227761676,0.010798166143286995,0.03821656050955414
0.5,1.0,1.0,0.0,0.012653580373182278,0.7705037586748933,0.18088559212689279,0.012739801383345007,0.041401273885350316
0.5,1.0,1.0,0.0,0.01256179274353225,0.7701605055765262,0.18074955804997078,0.013169988116390821,0.044585987261146494
0.5,1.0,1.0,0.0,0.012496230150925087,0.7701851000352876,0.1808961354107374,0.012916361388852509,0.04777070063694268
0.5,1.0,1.0,0.0,0.002570053630200753,0.15403188725044645,0.0593423588128931,0.0032962789088662944,0.050955414012738856
0.5,1.0,1.0,0.0,0.9382924878381391,0.6739459135772105,0.8883283662037351,0.14312862205101257,0.0031847133757961785
0.5,1.0,1.0,0.0,0.04584136475092771,0.7678507651015323,0.24026086655764226,0.015822819760443193,0.006369426751592357
0.5,1.0,1.0,0.0,0.022750219634685237,0.7692804516825817,0.1822739626019436,0.015745261667987245,0.009554140127388535
0.5,1.0,1.0,0.0,0.017570774818719433,0.7697252905888768,0.2395448232926341,0.013356587765514273,0.012738853503184714
0.5,1.0,1.0,0.0,0.01505317126260441,0.7699273928804388,0.18135219672533318,0.013487850569224667,0.01592356687898089
0.5,1.0,1.0,0.0,0.014004169780889815,0.7705882352941177,0.18082477537983788,0.010228836224501357,0.01910828025477707
0.5,1.0,1.0,0.0,0.013060068447346683,0.7701294951720008,0.23929949907829842,0.012498478525114067,0.022292993630573247
0.5,1.0,1.0,0.0,0.012129079632324982,0.7702268036827529,0.1807195996946562,0.011295519522403633,0.025477707006369428
0.5,1.0,1.0,0.0,0.01202417948415352,0.770068543687244,0.18066045444382056,0.010773572246092681,0.028662420382165606
0.5,1.0,1.0,0.0,0.010791602743138876,0.7702898938160976,0.18026559560617647,0.00922922729653373,0.03184713375796178
0.5,1.0,1.0,0.0,0.011525903780339089,0.7705262144850668,0.2383849334930941,0.009806758256922012,0.03503184713375796
0.5,1.0,1.0,0.0,0.011788154150767739,0.7701979319268154,0.18049960507687404,0.010452790407000565,0.03821656050955414
0.5,1.0,1.0,0.0,0.01033266459488874,0.7107552637488371,0.18032101213467683,0.0088141300186561,0.041401273885350316
0.5,1.0,1.0,0.0,0.01157835385442482,0.7922302896799511,0.1806502968898727,0.011450819106136179,0.044585987261146494
0.5,1.0,1.0,0.0,0.0066349343718448,0.46219510891067933,0.1199862988740673,0.007019621003568843,0.04777070063694268
0.5,1.0,1.0,1.0,0.8883600173085244,0.38885657153244857,0.7362711979471969,0.12314323732218597,0.0031847133757961785
0.5,1.0,1.0,1.0,0.07315474083107143,0.7448389062951121,0.09895103326110327,0.036153566384135784,0.006369426751592357
0.5,1.0,1.0,1.0,0.02756251393205093,0.7714447640535944,0.06514913667863158,0.015234069175347607,0.009554140127388535
0.5,1.0,1.0,1.0,0.015000721188518678,0.6178256359806238,0.005730403346181139,0.011947263565311483,0.012738853503184714
0.5,1.0,1.0,1.0,0.01869845141156262,0.9252200134734859,0.06655615076535883,0.017640225945270826,0.01592356687898089
0.5,1.0,1.0,1.0,0.011643916447031983,0.7551578857320059,0.06497620110825342,0.01601797225393846,0.01910828025477707
0.5,1.0,1.0,1.0,0.01385993207715406,0.6457339307291722,0.005993085405870784,0.01373874130932536,0.022292993630573247
0.5,1.0,1.0,1.0,0.015210521484861596,0.8954361239132992,0.06615576313252793,0.01734505765467777,0.025477707006369428
0.5,1.0,1.0,1.0,0.011945504373024926,0.7701883080081695,0.06436301914904642,0.012959332078566279,0.028662420382165606
0.5,1.0,1.0,1.0,0.012588017780575115,0.7702845471946277,0.006094660945349402,0.011704956812778566,0.03184713375796178
0.5,1.0,1.0,1.0,0.011302990965474737,0.7707432873167445,0.06419085503846177,0.011758688053422162,0.03503184713375796
0.5,1.0,1.0,1.0,0.012260204817539304,0.770719762182277,0.005745832542051309,0.011062875234780048,0.03821656050955414
0.5,1.0,1.0,1.0,0.011434116150689063,0.7724071559181752,0.06468574649599747,0.013023359029103714,0.041401273885350316
0.5,1.0,1.0,1.0,0.012050404521196385,0.771712095127089,0.06407269311342272,0.010138353705722254,0.044585987261146494
0.5,1.0,1.0,1.0,0.01218152970641071,0.778519413582557,0.006046444708255121,0.01159981046250939,0.04777070063694268
0.5,1.0,1.0,1.0,0.8970536170882342,0.34158922976571104,0.762894661151072,0.1278766513052468,0.0031847133757961785
0.5,1.0,1.0,1.0,0.06943078557098463,0.6114054129195761,0.07402298153009536,0.032230844395449404,0.006369426751592357
0.5,1.0,1.0,1.0,0.029962104821473063,0.7692195001978249,0.06528877090125662,0.014718907655400699,0.009554140127388535
0.5,1.0,1.0,1.0,0.019380302374677104,0.7696696857255899,0.008058026119828535,0.018406486980076527,0.012738853503184714
0.5,1.0,1.0,1.0,0.016626673485176297,0.7620849685083995,0.06583920746392494,0.015993519077851813,0.01592356687898089
0.5,1.0,1.0,1.0,0.015000721188518678,0.7714223082434208,0.06597845595665322,0.01589281236318441,0.01910828025477707
0.5,1.0,1.0,1.0,0.014830258447740058,0.7699883443651956,0.06565778583581819,0.015249036364635357,0.022292993630573247
0.5,1.0,1.0,1.0,0.014095957410539843,0.7714469027021824,0.007220606513975059,0.014383970657019182,0.025477707006369428
0.5,1.0,1.0,1.0,0.013545231632639682,0.7700450185527764,0.0649651435178798,0.012365704699673791,0.028662420382165606
0.5,1.0,1.0,1.0,0.013519006595596817,0.7726659323973181,0.06496244340860252,0.01192112404283622,0.03184713375796178
0.5,1.0,1.0,1.0,0.01316496859551814,0.7706299389415827,0.007049599593080674,0.01217790546078005,0.03503184713375796
0.5,1.0,1.0,1.0,0.013191193632561007,0.773424083321749,0.06513165025664538,0.013258839654463011,0.03821656050955414
0.5,1.0,1.0,1.0,0.013125631039953845,0.7698760653143277,0.06473717714889804,0.010809904821260288,0.041401273885350316
0.5,1.0,1.0,1.0,0.9061143673865439,0.40530277917384,0.7728968945271742,0.12533014483910326,0.0031847133757961785
0.5,1.0,1.0,1.0,0.06468405386622608,0.7679705294224579,0.06373813671630453,0.030284817964761117,0.006369426751592357
0.5,1.0,1.0,1.0,0.02417948415352137,0.7712651175722061,0.065436762604978,0.01419946913654203,0.009554140127388535
0.5,1.0,1.0,1.0,0.01663978600369773,0.7698439855855085,0.06448940997854956,0.01197213659781773,0.012738853503184714
0.5,1.0,1.0,1.0,0.013873044595675491,0.7708962006907834,0.006428060152777326,0.011804401651283764,0.01592356687898089
0.5,1.0,1.0,1.0,0.013204306151082439,0.7704684709731919,0.06431441718205538,0.01212066542005836,0.01910828025477707
0.5,1.0,1.0,1.0,0.01218152970641071,0.7702620913844541,0.005955926759150124,0.010989613749914796,0.022292993630573247
0.5,1.0,1.0,1.0,0.01180126666928917,0.7709945785258294,0.06406150694641685,0.010522837221971785,0.025477707006369428
0.5,1.0,1.0,1.0,0.011879941780417765,0.7708523583947303,0.06476212101555481,0.012014760098569138,0.028662420382165606
0.5,1.0,1.0,1.0,0.01126365340991044,0.7641177539912529,0.005770004948914575,0.010565539157438943,0.03184713375796178
0.5,1.0,1.0,1.0,0.011342328521039037,0.7397382294128341,0.06377850977883148,0.009833719037009242,0.03503184713375796
0.5,1.0,1.0,1.0,0.011329216002517604,0.7804933862292417,0.006062131057389794,0.01085453302107012,0.03821656050955414
0.5,1.0,1.0,1.0,0.01157835385442482,0.7736828598008918,0.06394180210179078,0.010761405637537871,0.041401273885350316
0.5,1.0,1.0,1.0,0.010935840446874632,0.7706074831314091,0.0637395510592593,0.009657663089895602,0.044585987261146494
0.5,1.0,1.0,1.0,0.010791602743138876,0.7703048643562133,0.005499865444554349,0.009717625276634485,0.04777070063694268
0.5,1.0,1.0,1.0,0.006438246594023314,0.4581958360511992,0.06183365963939655,0.006101747970122533,0.050955414012738856
0.5,1.0,1.0,1.0,0.4468746312104166,0.08453650138477495,0.6101958954995993,0.04647185509504618,0.0031847133757961785
0.5,1.0,1.0,1.0,0.5129748370769573,0.7892425976025749,0.22862069546328925,0.11257941911468672,0.006369426751592357
0.5,1.0,1.0,1.0,0.03434168600763149,0.7683950511671674,0.06454109778471463,0.013040513162818837,0.009554140127388535
0.5,1.0,1.0,1.0,0.020363741263784534,0.7700631970657741,0.006645611814546723,0.014423968901696381,0.012738853503184714
0.5,1.0,1.0,1.0,0.015839922373890352,0.7699380861233786,0.06507083350959046,0.015107004935833222,0.01592356687898089
0.5,1.0,1.0,1.0,0.01397794474384695,0.7700984847674753,0.006473061974065322,0.01417181051817497,0.01910828025477707
0.5,1.0,1.0,1.0,0.012679805410225143,0.7705069666477752,0.06536643118713648,0.016129054266667157,0.022292993630573247
0.5,1.0,1.0,1.0,0.012627355336139413,0.7646556241111241,0.06529828557204322,0.01552387852933224,0.025477707006369428
0.5,1.0,1.0,1.0,0.01218152970641071,0.770169060170878,0.00584213643960762,0.011512179276338129,0.028662420382165606
0.5,1.0,1.0,1.0,0.012247092299017872,0.7704780948918377,0.06435607601090484,0.012126025510118484,0.03184713375796178
0.5,1.0,1.0,1.0,0.011460341187731928,0.7701252178748248,0.00612076200169644,0.012083570413315599,0.03503184713375796
0.5,1.0,1.0,1.0,0.011591466372946252,0.7718564539067763,0.06395440261175142,0.01085639930592428,0.03821656050955414
0.5,1.0,1.0,1.0,0.012142192150846413,0.7702877551675096,0.06479439375024992,0.012320503234367966,0.041401273885350316
0.5,1.0,1.0,1.0,0.011093190669131822,0.7709817466343017,0.0060184150024243125,0.012233524901860148,0.044585987261146494
0.5,1.0,1.0,1.0,0.011421003632167631,0.7713966444603654,0.0641704113539338,0.012241574841289803,0.04777070063694268
0.5,1.0,1.0,1.0,0.00701519740896634,0.46266881957291184,0.003714450329111177,0.007858599094036356,0.050955414012738856
0.5,1.0,1.0,1.0,0.9228197159828488,0.5386967075504987,0.8256181996622807,0.13933401971014808,0.0031847133757961785
0.5,1.0,1.0,1.0,0.052554974233901104,0.7668734026968358,0.011154537154339403,0.023661053511225497,0.006369426751592357
0.5,1.0,1.0,1.0,0.024481072079514315,0.7691799351989478,0.06590349578005064,0.016933259248668436,0.009554140127388535
0.5,1.0,1.0,1.0,0.014489332966182815,0.6176876931467006,0.0636723054805918,0.010964964487038776,0.012738853503184714
0.5,1.0,1.0,1.0,0.015695684670154596,0.7736432948020145,0.0065950811980719165,0.013995017515423624,0.01592356687898089
0.5,1.0,1.0,1.0,0.01403039481793268,0.7702727846273939,0.06489339775708351,0.014242354470829837,0.01910828025477707
0.5,1.0,1.0,1.0,0.013191193632561007,0.7712287605462108,0.0647343484629885,0.013494697458528927,0.022292993630573247
0.5,1.0,1.0,1.0,0.012771593039875169,0.7702738539516879,0.007016941128488815,0.014386657046033606,0.025477707006369428
0.5,1.0,1.0,1.0,0.012194642224932144,0.771017034336003,0.06431673156143591,0.012452591909497135,0.028662420382165606
0.5,1.0,1.0,1.0,0.012404442521275063,0.774016488980613,0.0066740272502742864,0.012651419300115612,0.03184713375796178
0.5,1.0,1.0,1.0,0.012050404521196385,0.7703005870590374,0.06436379060883993,0.012406308506494646,0.03503184713375796
0.5,1.0,1.0,1.0,0.011014515558003226,0.770417143407081,0.06433743239922839,0.013036815196661583,0.03821656050955414
0.5,1.0,1.0,1.0,0.010778490224617443,0.7702941711132735,0.005692601816299223,0.010816575232454112,0.041401273885350316
0.5,1.0,1.0,1.0,0.010975178002438928,0.770267438005924,0.06363116095827136,0.009107555443727131,0.044585987261146494
0.5,1.0,1.0,1.0,0.01125054089138901,0.7702257343584589,0.005846379468471917,0.012362801461739353,0.04777070063694268
0.5,1.0,1.0,1.0,0.004418918741722723,0.3080520119336591,0.06037315767365271,0.0039999490405037965,0.050955414012738856
0.0,0.0,0.0,0.0,0.04021609430523321,0.006303666713004053,0.5501062493000609,0.006744029095265531,0.0031847133757961785
0.0,0.0,0.0,0.0,0.5039534243342119,0.4310082658767924,0.3002314507957158,0.04157646073599366,0.006369426751592357
0.0,0.0,0.0,0.0,0.015197408966340165,0.38433119112033104,0.12382765433921061,0.01540254117751928,0.009554140127388535
0.0,0.0,0.0,1.0,0.38921888727167825,0.0613310948811446,0.6459545998483053,0.02575215532975803,0.0031847133757961785
0.0,0.0,0.0,1.0,0.0828580045369314,0.38809414331084185,0.1180627924555861,0.015420650369243824,0.006369426751592357
0.0,0.0,0.0,1.0,0.009362338224302741,0.23056128832190936,0.005699416377808548,0.011665180030828188,0.009554140127388535
0.0,0.0,1.0,0.0,0.46687122195560105,0.3290332239058139,0.8184685674493083,0.04684398975737195,0.0031847133757961785
0.0,0.0,1.0,0.0,0.017006936522297837,0.3843044580129816,0.12276316840080113,0.0077476347333812826,0.006369426751592357
0.0,0.0,1.0,0.0,0.006543146742194774,0.3849952415068918,0.15155057632546756,0.007628205190683762,0.009554140127388535
0.0,0.0,1.0,0.0,0.0035403800007867514,0.38531496947079136,0.1503175264221765,0.002707410671697085,0.012738853503184714
0.0,0.0,1.0,0.0,0.0023995908894221315,0.38542083257589527,0.12153436152637434,3.842274499716421E-4,0.01592356687898089
0.0,0.0,1.0,0.0,0.0019275402226505644,0.38539516879283975,0.1499729410477427,3.7045062284056176E-4,0.01910828025477707
0.0,0.0,1.0,0.0,0.0015472771855290245,0.38544328838606884,0.12152188959304595,3.842343706818553E-4,0.022292993630573247
0.0,0.0,1.0,0.0,0.0013243643706646736,0.3854529123047146,0.14997306962437493,3.70382569190132E-4,0.025477707006369428
0.0,0.0,1.0,0.0,0.0014161520003147005,0.39035683351690065,0.12144744372297239,3.830913000449748E-4,0.028662420382165606
0.0,0.0,1.0,0.0,0.0011932391854503495,0.3854807147363581,0.1500557443989126,3.713549289750868E-4,0.03184713375796178
0.0,0.0,1.0,0.0,0.0011539016298860523,0.3855502208154667,0.12145361540132045,3.8320664521519483E-4,0.03503184713375796
0.0,0.0,1.0,0.0,0.0011932391854503495,0.38543580311601094,0.12123452081996404,3.713318599410428E-4,0.03821656050955414
0.0,0.0,1.0,0.0,0.002583166148722185,0.3854186939273073,0.15121666281151064,0.00814182454570483,0.041401273885350316
0.0,0.0,1.0,0.0,0.0018226400744791051,0.3854080006843675,0.12200469484715003,0.004704236268801977,0.044585987261146494
0.0,0.0,1.0,0.0,0.001337476889186106,0.385432595143129,0.1502992685403968,0.0034688179817399254,0.04777070063694268
0.0,0.0,1.0,0.0,0.0014686020744004303,0.3854700214934183,0.12193539204236652,0.0054529498428621025,0.050955414012738856
0.0,0.0,1.0,0.0,0.001403039481793268,0.38545505095330257,0.1217742855221555,0.00341691150168921,0.054140127388535034
0.0,0.0,1.0,0.0,7.998636298073771E-4,0.38541441663013143,0.14997808411303273,3.769064920177768E-4,0.05732484076433121
0.0,0.0,1.0,0.0,0.0012194642224932144,0.38546681352053636,0.1215157179146979,3.7734826401971956E-4,0.06050955414012739
0.0,0.0,1.0,0.0,8.129761483288095E-4,0.38547750676347614,0.15009907472398132,3.7737940721567894E-4,0.06369426751592357
0.0,0.0,1.0,0.0,2.491378519072158E-4,0.07709828159585957,0.030032672608021407,7.9281349299035E-5,0.06687898089171974
0.0,0.0,1.0,1.0,0.4633832920289,0.3326347081279339,0.7281992855510853,0.02747539833142484,0.0031847133757961785
0.0,0.0,1.0,1.0,0.017295411929769352,0.38422105071805124,0.03526599869391857,3.660905754062447E-4,0.006369426751592357
0.0,0.0,1.0,1.0,0.006398909038459017,0.38502625191141715,0.0351462938492925,3.5966930978009563E-4,0.009554140127388535
0.0,0.0,1.0,1.0,0.00369773022304394,0.3852657805532683,0.03514127936063469,3.6633280026370673E-4,0.012738853503184714
0.0,0.0,1.0,1.0,0.002465153482029293,0.3853288706866131,0.03514050790084119,3.6007186442416354E-4,0.01592356687898089
0.0,0.0,1.0,1.0,0.002124228000472051,0.38538768352278197,0.035278856357143715,3.669683521516191E-4,0.01910828025477707
0.0,0.0,1.0,1.0,0.0016652898522219162,0.38620678593196955,0.03513125038331909,3.669395158590641E-4,0.022292993630573247
0.0,0.0,1.0,1.0,0.0012850268151003764,0.3855609140584065,0.035244912126229336,3.6677803262075604E-4,0.025477707006369428
0.0,0.0,1.0,1.0,0.0013112518521432412,0.38562721216463314,0.03508071976684428,3.6016298710863737E-4,0.028662420382165606
0.0,0.0,1.0,1.0,0.0012588017780575114,0.3855138637894714,0.035031217763427484,3.6008339894118556E-4,0.03184713375796178
0.0,0.0,1.0,1.0,0.0011670141484074847,0.38551600243805934,0.03506991932973516,3.61128426183379E-4,0.03503184713375796
0.0,0.0,1.0,1.0,9.178762965002688E-4,0.38547857608777014,0.03481456613808385,3.5406930176591324E-4,0.03821656050955414
0.0,0.0,1.0,1.0,0.0010358889631931606,0.38547750676347614,0.0062834114414944825,3.5995767270564574E-4,0.041401273885350316
0.0,0.0,1.0,1.0,0.0010752265187574577,0.38546039757477246,0.03489016919784768,3.598734707313851E-4,0.044585987261146494
0.0,0.0,1.0,1.0,8.523137038931068E-4,0.38546788284483036,0.03493632820882594,3.600245729043733E-4,0.04777070063694268
0.0,0.0,1.0,1.0,9.178762965002688E-4,0.38658746538062594,0.035089462977837375,3.623130210815387E-4,0.050955414012738856
0.0,0.0,1.0,1.0,9.309888150217012E-4,0.38558764716575594,0.03507531954828972,3.646637556506229E-4,0.054140127388535034
0.0,0.0,1.0,1.0,7.998636298073771E-4,0.39110322187409774,0.035083934182650565,3.6006609716565256E-4,0.05732484076433121
0.0,0.0,1.0,1.0,0.0011014515558003225,0.3855897858143439,0.03497040101637256,3.6012723010586916E-4,0.06050955414012739
0.0,0.0,1.0,1.0,3.1470044451437784E-4,0.15423185089342042,0.0026578075652690346,1.470800869026661E-4,0.06369426751592357
0.0,1.0,0.0,0.0,0.9193973486487549,0.5361923500540009,0.8132819146809185,0.04693174436287535,0.0031847133757961785
0.0,1.0,0.0,1.0,0.90269200005245,0.43614316113647783,0.7586419890393564,0.06430674908409735,0.0031847133757961785
0.0,1.0,0.0,1.0,0.021766780745577804,0.15302779173840048,0.0023277513502796476,0.005662121388345913,0.006369426751592357
0.0,1.0,1.0,0.0,0.9221772025752986,0.65795951538223,0.8722469010781536,0.04652453554118907,0.0031847133757961785
0.0,1.0,1.0,0.0,0.03583651311907478,0.7758461028476105,0.15179178608757124,6.124840073200582E-4,0.006369426751592357
0.0,1.0,1.0,0.0,0.012758480521353737,0.7707026529935733,0.18027626746665332,6.120087852187517E-4,0.009554140127388535
0.0,1.0,1.0,0.0,0.007238110223830691,0.7707678817755059,0.15171091138588508,6.109810597520913E-4,0.012738853503184714
0.0,1.0,1.0,0.0,0.004799181778844263,0.7665536747329362,0.15695670940511064,6.030660741715929E-4,0.01592356687898089
0.0,1.0,1.0,0.0,0.005913745853166018,0.7706759198862239,0.1765251727973505,0.011465910868207767,0.01910828025477707
0.0,1.0,1.0,0.0,0.0030158792599294547,0.7710437674433525,0.15161782190413506,6.114216783023317E-4,0.022292993630573247
0.0,1.0,1.0,0.0,0.002688066296893644,0.7708994086636654,0.18013007583578347,6.065264292781937E-4,0.025477707006369428
0.0,1.0,1.0,0.0,0.00108833903727889,0.3083514227359731,0.06059096648868661,2.43332171096174E-4,0.028662420382165606
0.0,1.0,1.0,1.0,0.9135622779067176,0.5365644749083054,0.7581910707900507,0.05618315022873899,0.0031847133757961785
0.0,1.0,1.0,1.0,0.04846386845521419,0.7671856453906776,0.03581232080435484,5.733831480671705E-4,0.006369426751592357
0.0,1.0,1.0,1.0,0.017256074374205056,0.7706769892105179,0.03791184863238822,0.014414843945280274,0.009554140127388535
0.0,1.0,1.0,1.0,0.007224997705309258,0.616368146967931,0.03529981434820069,0.006355791093725339,0.012738853503184714
0.0,1.0,1.0,1.0,0.005887520816123153,0.7707229701551589,0.035569568122664166,5.692999290413815E-4,0.01592356687898089
0.0,1.0,1.0,1.0,0.004654944075108506,0.7708491504218484,0.03665552635865963,0.006299854453427136,0.01910828025477707
0.0,1.0,1.0,1.0,0.005664608001258802,0.7708299025845567,0.03855036018814876,0.020483403649575398,0.022292993630573247
0.0,1.0,1.0,1.0,0.004812294297365695,0.7707283167766288,0.03742698615216813,0.010442708085671633,0.025477707006369428
0.0,1.0,1.0,1.0,0.002674953778372212,0.7710352128490007,0.03579483438236865,5.750106684189752E-4,0.028662420382165606
0.5,0.0,0.0,0.0,0.4687725371412087,0.32010436605109227,0.8435098951933298,0.11715832478188272,0.0031847133757961785
0.5,0.0,0.0,0.0,0.02434994689429999,0.38356876289872427,0.12521319612835188,0.015199599424679053,0.006369426751592357
0.5,0.0,0.0,0.0,0.012509342669446519,0.38613407187997906,0.1796843006517678,0.006917975379215847,0.009554140127388535
0.5,0.0,0.0,0.0,0.004248456000944102,0.1539121229295208,0.05998922784974998,0.0025228906959926995,0.012738853503184714
0.5,0.0,0.0,1.0,0.46736949765941543,0.3286204647283381,0.7881800273431067,0.11746846833592543,0.0031847133757961785
0.5,0.0,0.0,1.0,0.025005572820371608,0.39451757434477147,0.008088241628407619,0.015603128735435314,0.006369426751592357
0.5,0.0,0.0,1.0,0.012404442521275063,0.3867467947004287,0.06382286871695822,0.009131472264772254,0.009554140127388535
0.5,0.0,0.0,1.0,0.004222230963901237,0.15385544874193996,0.002021610388889025,0.0033950778144182605,0.012738853503184714
0.5,0.0,1.0,0.0,0.47013623906743773,0.3333383235133719,0.8449027658505094,0.11534551971589516,0.0031847133757961785
0.5,0.0,1.0,0.0,0.023956571338657015,0.38364468492359677,0.1239666456786744,0.015482060137868967,0.006369426751592357
0.5,0.0,1.0,0.0,0.012417555039796494,0.38460386881529557,0.18065775433454329,0.0109253987867499,0.009554140127388535
0.5,0.0,1.0,0.0,0.009427900816909904,0.3868195087524193,0.17997925544615256,0.008712019553267118,0.012738853503184714
0.5,0.0,1.0,0.0,0.008628037187102528,0.3848744078616722,0.12175384183762751,0.007117110741438812,0.01592356687898089
0.5,0.0,1.0,0.0,0.007906848668423744,0.3849075569147855,0.17955006664769732,0.006745340569850933,0.01910828025477707
0.5,0.0,1.0,0.0,0.007644598297995096,0.38494605258936876,0.1211531318117489,0.0066030761438049534,0.022292993630573247
0.5,0.0,1.0,0.0,0.007120097557137799,0.3849588844808965,0.17943293333571628,0.007345964786768968,0.025477707006369428
0.5,0.0,1.0,0.0,0.0072643352608735565,0.38492680475207713,0.17924855444506776,0.005565045739637034,0.028662420382165606
0.5,0.0,1.0,0.0,0.007185660149744962,0.3849695777238363,0.12147225901299691,0.0074331864975859495,0.03184713375796178
0.5,0.0,1.0,0.0,0.007120097557137799,0.38498561758824595,0.1795562383260454,0.007083021629831984,0.03503184713375796
0.5,0.0,1.0,0.0,0.007303672816437854,0.38496209245377844,0.17924379710967445,0.006730885513118959,0.03821656050955414
0.5,0.0,1.0,0.0,0.007211885186787826,0.38496102312948444,0.12106119951968913,0.006018484905547503,0.041401273885350316
0.5,0.0,1.0,0.0,0.00668738444593053,0.38499096420971585,0.1790238024918923,0.005138936458358499,0.044585987261146494
0.5,0.0,1.0,0.0,0.006621821853323368,0.38505084637017867,0.17890564056685324,0.005748133128327286,0.04777070063694268
0.5,0.0,1.0,0.0,0.00658248429775907,0.3850198359656533,0.1208855638400337,0.004208739946925881,0.050955414012738856
0.5,0.0,1.0,0.0,0.00696274733488061,0.3850123506955954,0.17885703859986218,0.005098930139519384,0.054140127388535034
0.5,0.0,1.0,0.0,0.006739834520016259,0.39108504336110006,0.1217490845022342,0.0076036482039439175,0.05732484076433121
0.5,0.0,1.0,0.0,0.006857847186709152,0.3850241132628292,0.17934087246702426,0.005364214803411834,0.06050955414012739
0.5,0.0,1.0,0.0,0.006805397112623422,0.3854636055476544,0.179339715277334,0.006407982476346497,0.06369426751592357
0.5,0.0,1.0,0.0,0.0066349343718448,0.3851278377193451,0.1212174201278746,0.005717199860577679,0.06687898089171974
0.5,0.0,1.0,0.0,0.007421685483130745,0.4000887539164002,0.17940516078314997,0.006254817931714725,0.07006369426751592
0.5,0.0,1.0,0.0,0.006543146742194774,0.3858025813488456,0.12115943206672922,0.006569060853107067,0.0732484076433121
0.5,0.0,1.0,0.0,0.006661159408887665,0.3864655624111124,0.17965717098236275,0.007322636226091967,0.07643312101910828
0.5,0.0,1.0,0.0,0.006595596816280504,0.3850070040741255,0.17859808526250784,0.004217402369209405,0.07961783439490445
0.5,0.0,1.0,0.0,0.006792284594101989,0.38499203353400985,0.12118874753888254,0.005605792574468961,0.08280254777070063
0.5,0.0,1.0,0.0,0.0069365222978377454,0.38496743907524833,0.1792108814918181,0.00541725397303411,0.08598726114649681
0.5,0.0,1.0,0.0,0.006674271927409097,0.3862281724178491,0.1209445805142371,0.0048119490491085465,0.08917197452229299
0.5,0.0,1.0,0.0,0.005376132593787288,0.3080381107178374,0.1781276233650999,0.004309648515641171,0.09235668789808917
0.5,0.0,1.0,0.0,0.006739834520016259,0.3864142348450014,0.12094355190117909,0.00505607248807243,0.09554140127388536
0.5,0.0,1.0,0.0,0.006595596816280504,0.38500165745265563,0.17867805992776822,0.004045418106604533,0.09872611464968153
0.5,0.0,1.0,0.0,0.006818509631144855,0.38653934578739696,0.12073692925315106,0.004680855802798377,0.10191082802547771
0.5,0.0,1.0,0.0,0.006438246594023314,0.38502945988429904,0.17955379537003263,0.006510352468368476,0.10509554140127389
0.5,0.0,1.0,0.0,0.006700496964451963,0.38499738015547974,0.1788670675771778,0.005124332606356941,0.10828025477707007
0.5,0.0,1.0,0.0,0.006438246594023314,0.38511286717922943,0.12110221546537733,0.005376451772520477,0.11146496815286625
0.5,0.0,1.0,1.0,0.4697953135858804,0.32857020648652113,0.7869291052879326,0.11707788767397807,0.0031847133757961785
0.5,0.0,1.0,1.0,0.02479577252402869,0.3838018755948116,0.009378379556418332,0.01821163438402383,0.006369426751592357
0.5,0.0,1.0,1.0,0.012417555039796494,0.38459210624806184,0.06377272383038016,0.008675161004123307,0.009554140127388535
0.5,0.0,1.0,1.0,0.010017964150374361,0.38848123870526213,0.005081219929943736,0.008362333367969566,0.012738853503184714
0.5,0.0,1.0,1.0,0.0085362495574525,0.38693713442475697,0.06303006520249597,0.006607257406225429,0.01592356687898089
0.5,0.0,1.0,1.0,0.008326449261109582,0.38490541826619756,0.005333230129156513,0.0074783164488862386,0.01910828025477707
0.5,0.0,1.0,1.0,0.007447910520173609,0.3849984494797737,0.06295433356609989,0.005962479058147167,0.022292993630573247
0.5,0.0,1.0,1.0,0.007565923186866501,0.3859800891816461,0.0044736953425557925,0.005653336700181955,0.025477707006369428
0.5,0.0,1.0,1.0,0.007303672816437854,0.3867489333490168,0.06279348419915337,0.0051896698780280765,0.028662420382165606
0.5,0.0,1.0,1.0,0.007120097557137799,0.38535560379396255,0.0045742422689764,0.0060092319159924515,0.03184713375796178
0.5,0.0,1.0,1.0,0.006831622149666286,0.38499203353400985,0.06302749366985096,0.007574193661276531,0.03503184713375796
0.5,0.0,1.0,1.0,0.0069758598534020435,0.38497385502101217,0.06245391331337738,0.00475207913850584,0.03821656050955414
0.5,0.0,1.0,1.0,0.0070676474830520695,0.38528716703914795,0.0047065476235631076,0.005686794873707679,0.041401273885350316
0.5,0.0,1.0,1.0,0.006766059557059125,0.38523583947303697,0.06236210959794987,0.005370115862320291,0.044585987261146494
0.5,0.0,1.0,1.0,0.0067791720755805565,0.3851898585283959,0.004373019839502933,0.004794470795465106,0.04777070063694268
0.5,0.0,1.0,1.0,0.007028309927487773,0.3812034175604435,0.06288065915581983,0.005901407250870768,0.050955414012738856
0.5,0.0,1.0,1.0,0.006516921705151908,0.3850754408289402,0.004824452395337657,0.006843979145616293,0.054140127388535034
0.5,0.0,1.0,1.0,0.006569371779237638,0.3850070040741255,0.06313331223819386,0.006024637416927038,0.05732484076433121
0.5,0.0,1.0,1.0,0.006569371779237638,0.3850583316402365,0.004717476637304478,0.006925763485109103,0.06050955414012739
0.5,0.0,1.0,1.0,0.006831622149666286,0.3850176973170653,0.0636537904455476,0.008531782343733002,0.06369426751592357
0.5,0.0,1.0,1.0,0.0067136094829733945,0.3851096592063475,0.005631270762715297,0.008471516799196442,0.06687898089171974
0.5,0.0,1.0,1.0,0.0067136094829733945,0.38509682731481976,0.06304742304784992,0.006026193423273307,0.07006369426751592
0.5,0.0,1.0,1.0,0.0069758598534020435,0.38592127634547724,0.005164409011010403,0.006497697949743636,0.0732484076433121
0.5,0.0,1.0,1.0,0.0069758598534020435,0.38500058812836163,0.06264947837103178,0.005428308654147998,0.07643312101910828
0.5,0.0,1.0,1.0,0.006949634816359178,0.3850134200198894,0.004737277438671196,0.0055477289692319005,0.07961783439490445
0.5,0.0,1.0,1.0,0.007185660149744962,0.3852433247430948,0.06255266016694647,0.004807426364984219,0.08280254777070063
0.5,0.0,1.0,1.0,0.0063595714828947195,0.3850241132628292,0.004362090825761562,0.004977101417281287,0.08598726114649681
0.5,0.0,1.0,1.0,0.007133210075659232,0.38496850839954233,0.06251485863706456,0.004531963643271554,0.08917197452229299
0.5,0.0,1.0,1.0,0.006884072223752016,0.3850070040741255,0.004803622980912928,0.0052816680323438695,0.09235668789808917
0.5,0.0,1.0,1.0,0.006870959705230584,0.38501555866847736,0.06290714594206363,0.005988724698179033,0.09554140127388536
0.5,0.0,1.0,1.0,0.0067136094829733945,0.3850412224515328,0.004331746740550228,0.004820970194871455,0.09872611464968153
0.5,0.0,1.0,1.0,0.0069758598534020435,0.38418576301634993,0.06251241568105177,0.004624317060711624,0.10191082802547771
0.5,0.0,1.0,1.0,0.006739834520016259,0.38501555866847736,0.004718890980259244,0.004868935330455752,0.10509554140127389
0.5,0.0,1.0,1.0,0.007093872520094935,0.3850283905600051,0.06275439690294894,0.0058631691734911265,0.10828025477707007
0.5,0.0,1.0,1.0,0.0066349343718448,0.38503801447865094,0.06268740847754596,0.005664134161566252,0.11146496815286625
0.5,0.0,1.0,1.0,0.002661841259850779,0.1540928387352032,0.001802387230900359,0.0017265949323134067,0.11464968152866242
0.5,1.0,0.0,0.0,0.9454650354693626,0.688286621683758,0.88776327190499,0.14383368670575802,0.0031847133757961785
0.5,1.0,0.0,0.0,0.02828370245072971,0.4336751606659751,0.12149964583566647,0.00999175691508281,0.006369426751592357
0.5,1.0,1.0,0.0,0.8969093793844983,0.3841547526118246,0.7704356806326176,0.12757985664775365,0.0031847133757961785
0.5,1.0,1.0,0.0,0.07622307016508661,0.7648577264026861,0.23691273105381536,0.028709643558105756,0.006369426751592357
0.5,1.0,1.0,0.0,0.027536288895008063,0.7687874931830576,0.18168302440011608,0.016415909630842454,0.009554140127388535
0.5,1.0,1.0,0.0,0.018147725633662456,0.7760043628431194,0.18196422149484992,0.01665905955656968,0.012738853503184714
0.5,1.0,1.0,0.0,0.01494827111443295,0.7599987168108472,0.1811637033824526,0.015409401908243968,0.01592356687898089
0.5,1.0,1.0,0.0,0.013151856076996708,0.7700193547697209,0.18087813468222222,0.013974456085380203,0.01910828025477707
0.5,1.0,1.0,0.0,0.010463789780103065,0.6159810515735107,0.1558860517883531,0.010054142503848016,0.022292993630573247
0.5,1.0,1.0,0.0,0.014646683188440004,0.9143856197268945,0.2057896000276697,0.01634456633615796,0.025477707006369428
0.5,1.0,1.0,0.0,0.011893054298939198,0.769363858977512,0.1809390800059094,0.014688127796727483,0.028662420382165606
0.5,1.0,1.0,0.0,0.01114564074321755,0.7762845258081418,0.18032461228037985,0.011393012720628709,0.03184713375796178
0.5,1.0,1.0,0.0,0.011184978298781846,0.7702086251697552,0.18032255505426384,0.011287283877249924,0.03503184713375796
0.5,1.0,1.0,0.0,0.01104074059504609,0.7590940684581412,0.1804144873463236,0.012075395901102105,0.03821656050955414
0.5,1.0,1.0,0.0,0.011460341187731928,0.7731770694098399,0.1802691957518795,0.011329747048214725,0.041401273885350316
0.5,1.0,1.0,0.0,0.011014515558003226,0.7707507725868024,0.1801746919271747,0.01293945925918907,0.044585987261146494
0.5,1.0,1.0,0.0,0.011106303187653254,0.7712394537891505,0.18055489302874214,0.01220499773436133,0.04777070063694268
0.5,1.0,1.0,0.0,0.011119415706174685,0.7741512238416544,0.12214972928832962,0.011907516773105363,0.050955414012738856
0.5,1.0,1.0,0.0,0.0022553531856863746,0.1540222633318006,0.059371802861678674,0.0027598834965335806,0.054140127388535034
0.5,1.0,1.0,1.0,0.9278155855395146,0.6573200594544307,0.8309257144649869,0.14788512352334465,0.0031847133757961785
0.5,1.0,1.0,1.0,0.046680565936299385,0.767317172278837,0.008279820810462229,0.01764581557221969,0.006369426751592357
0.5,1.0,1.0,1.0,0.023091145116242474,0.7693189473571649,0.06490818406979243,0.01495282304680011,0.009554140127388535
0.5,1.0,1.0,1.0,0.016928261411169244,0.773169584139782,0.06493351366634595,0.014335805974290404,0.012738853503184714
0.5,1.0,1.0,1.0,0.014633570669918572,0.7721612113305603,0.00638665847719237,0.013977772259024027,0.01592356687898089
0.5,1.0,1.0,1.0,0.013479669040032519,0.7743094838371632,0.06480223692481726,0.013350175727501742,0.01910828025477707
0.5,1.0,1.0,1.0,0.011866829261896333,0.765165691799352,0.006101861236755482,0.01228292377791028,0.022292993630573247
0.5,1.0,1.0,1.0,0.012378217484232196,0.7718553845824823,0.06401239067289681,0.011153890648245566,0.025477707006369428
0.5,1.0,1.0,1.0,0.011643916447031983,0.7701861693595816,0.06381451123586188,0.010305674563095132,0.028662420382165606
0.5,1.0,1.0,1.0,0.011735704076682008,0.7705016200263053,0.005752389950296131,0.011232669092602442,0.03184713375796178
0.5,1.0,1.0,1.0,0.011447228669210496,0.7702043478725793,0.06373736525651102,0.009915465312595878,0.03503184713375796
0.5,1.0,1.0,1.0,0.011080078150610387,0.7702471208443384,0.005272027652204838,0.00832772174274164,0.03821656050955414
0.5,1.0,1.0,1.0,0.011224315854346145,0.7707047916421612,0.06375600886818748,0.009818690714781274,0.041401273885350316
0.5,1.0,1.0,1.0,0.011093190669131822,0.7701851000352876,0.06353652855693431,0.009254357548769567,0.044585987261146494
0.5,1.0,1.0,1.0,0.010975178002438928,0.7708117240715591,0.005183052622686858,0.00843984762926083,0.04777070063694268
0.5,1.0,1.0,1.0,0.00435335614911556,0.3080958542297122,0.0021375865111798024,0.003555947416420731,0.050955414012738856
