0.0,0.0,0.0,0.0,0.22907569856942422,0.13002127955345016,0.024552993694730532,0.062173847329328784,0.0031847133757961785
0.0,0.0,0.0,0.0,0.014017282299411246,0.19165820118267266,8.798498944964444E-4,1.6594594294385407E-4,0.006369426751592357
0.0,0.0,0.0,0.0,0.0014292645188361329,0.03844541634141385,1.8142162810674895E-4,3.369117076956839E-5,0.009554140127388535
0.0,0.0,0.0,0.0,0.23401911805200426,0.15717997797191954,0.024572408766200496,0.06334239310050407,0.0031847133757961785
0.0,0.0,0.0,0.0,0.011421003632167631,0.19187206604146836,9.602102896535798E-4,1.6689061988795612E-4,0.006369426751592357
0.0,0.0,0.0,0.0,0.23067542582903897,0.1647187142444689,0.024425317098904876,0.06331823520805319,0.0031847133757961785
0.0,0.0,0.0,0.0,0.009480350890995633,0.15344803618593408,7.904891350817098E-4,1.3288917061049586E-4,0.006369426751592357
0.0,0.0,0.0,0.0,0.23283899138507533,0.162261407016906,0.024407573523654177,0.06349791760731854,0.0031847133757961785
0.0,0.0,0.0,0.0,0.011958616891546358,0.19183570901547312,9.46066860105924E-4,1.668848526294451E-4,0.006369426751592357
0.0,0.0,0.0,1.0,0.22233586404940797,0.0875723130553803,0.023877194915617087,0.03653058360751697,0.0031847133757961785
0.0,0.0,0.0,1.0,0.011421003632167631,0.07619042527027171,4.844767503233381E-4,6.692557466506545E-5,0.006369426751592357
0.0,0.0,0.0,1.0,0.21802184545585673,0.0917212913160174,0.023804034811866027,0.03689636044406022,0.0031847133757961785
0.0,0.0,0.0,1.0,0.011958616891546358,0.07613268175839687,4.5503270153776366E-4,6.696017821613146E-5,0.006369426751592357
0.0,0.0,0.0,1.0,0.22295215241991528,0.12771046975416234,0.023954469471600185,0.0364896049288929,0.0031847133757961785
0.0,0.0,0.0,1.0,0.004497593852851318,0.037990953516472935,2.365810033426067E-4,3.3014094620376814E-5,0.006369426751592357
0.0,0.0,0.0,1.0,0.2323407156812609,0.16440433290203918,0.02434431382058648,0.03695698240517276,0.0031847133757961785
0.0,0.0,0.0,1.0,0.22831517249518116,0.13270100623416062,0.024129333691462113,0.036425373817404176,0.0031847133757961785
0.0,0.0,0.0,1.0,0.004051768223122615,0.03825721526567362,2.7862556208881994E-4,3.410525993065829E-5,0.006369426751592357
0.0,0.0,1.0,0.0,0.25009506575928037,0.15769860025449917,0.03131509593809704,0.536774067457512,0.0031847133757961785
0.0,0.0,1.0,0.0,0.010372002150453037,0.19196937455222043,2.1768023840164846E-4,1.6101378346524564E-4,0.006369426751592357
0.0,0.0,1.0,0.0,0.0037632928156511023,0.19255857223820266,2.3555239028459537E-4,5.167855799436065E-4,0.009554140127388535
0.0,0.0,1.0,0.0,0.002386478370900699,0.19327929681234426,1.8476462054528578E-4,1.608753692609816E-4,0.012738853503184714
0.0,0.0,1.0,0.0,0.0016915148892647813,0.1926323556144872,1.9749370713817603E-4,3.39083657250927E-4,0.01592356687898089
0.0,0.0,1.0,0.0,0.0014423770373575653,0.2002897868836682,2.0302250232498694E-4,1.612906118737737E-4,0.01910828025477707
0.0,0.0,1.0,0.0,0.001337476889186106,0.1927307334495332,1.7229268721689837E-4,3.3922783871370206E-4,0.022292993630573247
0.0,0.0,1.0,0.0,0.0011145640743217549,0.19269758439641987,1.548062652307057E-4,1.605374079122369E-4,0.025477707006369428
0.0,0.0,1.0,0.0,0.0011670141484074847,0.19418073719216827,1.8515035044204003E-4,2.500037357417005E-4,0.028662420382165606
0.0,0.0,1.0,0.0,9.178762965002688E-4,0.1927168322337115,1.7074976762988136E-4,2.4976151088423843E-4,0.03184713375796178
0.0,0.0,1.0,0.0,0.0010096639261502956,0.19389201963279404,1.548062652307057E-4,1.605374079122369E-4,0.03503184713375796
0.0,0.0,1.0,0.0,9.309888150217012E-4,0.1927307334495332,2.1305147964059747E-4,3.398426284709748E-4,0.03821656050955414
0.0,0.0,1.0,0.0,8.523137038931068E-4,0.1927168322337115,1.6920684804286437E-4,1.605374079122369E-4,0.041401273885350316
0.0,0.0,1.0,0.0,8.654262224145392E-4,0.1926965150721259,1.7589283291993802E-4,3.3922783871370206E-4,0.044585987261146494
0.0,0.0,1.0,0.0,6.818509631144854E-4,0.19273501074670915,1.7280699374590402E-4,1.6067582211650095E-4,0.04777070063694268
0.0,0.0,1.0,0.0,9.047637779788364E-4,0.1927125549365356,1.7589283291993802E-4,3.39089424509438E-4,0.050955414012738856
0.0,0.0,1.0,0.0,9.309888150217012E-4,0.192742496016767,1.803930150487376E-4,1.6100916965843684E-4,0.054140127388535034
0.0,0.0,1.0,0.0,8.785387409359716E-4,0.1929114492552156,1.5994933052076237E-4,2.500037357417005E-4,0.05732484076433121
0.0,0.0,1.0,0.0,6.818509631144854E-4,0.19273608007100312,1.8155020473900035E-4,2.498999250885025E-4,0.06050955414012739
0.0,0.0,1.0,0.0,8.91651259457404E-4,0.19271041628794763,1.779500590359607E-4,2.4972690733317244E-4,0.06369426751592357
0.0,0.0,1.0,0.0,6.949634816359178E-4,0.1927563972325887,1.4914889341164335E-4,2.498999250885025E-4,0.06687898089171974
0.0,0.0,1.0,0.0,1.3112518521432413E-4,0.03855662606798763,6.120247695167435E-5,3.205211590074177E-5,0.07006369426751592
0.0,0.0,1.0,0.0,0.24263404272058534,0.15157885732005943,0.03134916874564366,0.5367433360438103,0.0031847133757961785
0.0,0.0,1.0,0.0,0.010162201854110119,0.1920763069816183,2.104799469955691E-4,1.6155705921698196E-4,0.006369426751592357
0.0,0.0,1.0,0.0,0.003828855408258264,0.1926280783173113,2.4300983495517754E-4,5.173346229538538E-4,0.009554140127388535
0.0,0.0,1.0,0.0,0.0022160156301220773,0.1926066918314317,1.7756432913920646E-4,1.6141979846442012E-4,0.012738853503184714
0.0,0.0,1.0,0.0,0.0016915148892647813,0.19266443534330654,2.010938528412157E-4,3.3986108369821E-4,0.01592356687898089
0.0,0.0,1.0,0.0,0.0014686020744004303,0.19266978196477644,1.9222206521586795E-4,1.6183388762551005E-4,0.01910828025477707
0.0,0.0,1.0,0.0,0.001337476889186106,0.19267192061336438,1.794929786229777E-4,3.397538126899054E-4,0.022292993630573247
0.0,0.0,1.0,0.0,9.309888150217012E-4,0.1927221788551814,1.6200655663678503E-4,1.6107953021227104E-4,0.025477707006369428
0.0,0.0,1.0,0.0,0.0011670141484074847,0.19267726723483428,1.779500590359607E-4,2.5055508565535224E-4,0.028662420382165606
0.0,0.0,1.0,0.0,9.57213852064566E-4,0.19269972304500785,1.7074976762988136E-4,2.504166714510882E-4,0.03184713375796178
0.0,0.0,1.0,0.0,9.178762965002688E-4,0.19272324817947536,1.856646569710457E-4,2.5055508565535224E-4,0.03503184713375796
0.0,0.0,1.0,0.0,9.309888150217012E-4,0.1927114856122416,1.9299352500937644E-4,2.510326146600632E-4,0.03821656050955414
0.0,0.0,1.0,0.0,8.91651259457404E-4,0.19270293101788977,1.5120611952766603E-4,1.6121794441653509E-4,0.041401273885350316
0.0,0.0,1.0,0.0,9.047637779788364E-4,0.19272538682806334,1.902934157320967E-4,3.397538126899054E-4,0.044585987261146494
0.0,0.0,1.0,0.0,8.260886668502419E-4,0.1930376295219051,1.6200655663678503E-4,1.6121794441653509E-4,0.04777070063694268
0.0,0.0,1.0,0.0,7.605260742430799E-4,0.1927467733139429,1.7229268721689837E-4,3.397538126899054E-4,0.050955414012738856
0.0,0.0,1.0,0.0,0.0010096639261502956,0.19273501074670915,1.7062119099762993E-4,1.6155705921698196E-4,0.054140127388535034
0.0,0.0,1.0,0.0,7.998636298073771E-4,0.19270720831506571,1.8155020473900035E-4,2.5055508565535224E-4,0.05732484076433121
0.0,0.0,1.0,0.0,7.867511112859447E-4,0.1927521199354128,1.8515035044204003E-4,2.5055508565535224E-4,0.06050955414012739
0.0,0.0,1.0,0.0,7.211885186787826E-4,0.19274142669247302,1.5274903911468302E-4,2.504166714510882E-4,0.06369426751592357
0.0,0.0,1.0,0.0,6.949634816359178E-4,0.19314028465412705,1.7434991333292103E-4,2.504166714510882E-4,0.06687898089171974
0.0,0.0,1.0,1.0,0.232616078570211,0.1318006351786306,0.027291290231788952,0.2721942975089555,0.0031847133757961785
0.0,0.0,1.0,1.0,0.011394778595124765,0.19204529657709293,4.4268934484162765E-4,5.18867560266078E-4,0.006369426751592357
0.0,0.0,1.0,1.0,0.004051768223122615,0.19245270913309878,3.739008465871197E-4,3.402694056007889E-4,0.009554140127388535
0.0,0.0,1.0,1.0,0.0026225037042864824,0.19257354277831837,3.46514023917568E-4,3.4059006517400057E-4,0.012738853503184714
0.0,0.0,1.0,1.0,0.0018226400744791051,0.192641979533133,3.559001180719214E-4,3.4044588371122555E-4,0.01592356687898089
0.0,0.0,1.0,1.0,0.0016915148892647813,0.19269865372071385,3.5937168714270963E-4,2.519842123143784E-4,0.01910828025477707
0.0,0.0,1.0,1.0,0.0012850268151003764,0.19314135397842103,3.3429924385368337E-4,3.406661929863458E-4,0.022292993630573247
0.0,0.0,1.0,1.0,0.0015472771855290245,0.19266978196477644,3.450996809628024E-4,3.403893645778177E-4,0.025477707006369428
0.0,0.0,1.0,1.0,0.001206351703971782,0.19268154453201022,3.5320000879464163E-4,3.411437219910567E-4,0.028662420382165606
0.0,0.0,1.0,1.0,0.0013899269632718357,0.1926879604777741,3.435567613757854E-4,2.511906375432646E-4,0.03184713375796178
0.0,0.0,1.0,1.0,6.949634816359178E-4,0.11603772576109157,2.118942899503347E-4,2.755215477494776E-4,0.03503184713375796
0.0,0.0,1.0,1.0,0.23851671190485557,0.13075911331629542,0.02718598596997504,0.2721950057283007,0.0031847133757961785
0.0,0.0,1.0,1.0,0.013414106447425357,0.19171380604595953,4.609472266213288E-4,5.185642024683994E-4,0.006369426751592357
0.0,0.0,1.0,1.0,0.0049434194825800195,0.19239175764834202,3.7094358404533715E-4,3.393547184009441E-4,0.009554140127388535
0.0,0.0,1.0,1.0,0.0028191914821079685,0.19255536426532074,3.4947128645935056E-4,3.396753779741558E-4,0.012738853503184714
0.0,0.0,1.0,1.0,0.002268465704207807,0.19261738507437148,3.450996809628024E-4,3.3967307107075136E-4,0.01592356687898089
0.0,0.0,1.0,1.0,0.001914427704129132,0.1926270089930173,3.66571978548789E-4,2.512079393187976E-4,0.01910828025477707
0.0,0.0,1.0,1.0,0.001560389704050457,0.1926676433161885,3.4869982666584207E-4,3.394746773779729E-4,0.022292993630573247
0.0,0.0,1.0,1.0,0.001455489555878998,0.19266657399189452,3.2195588715754737E-4,2.503889886102354E-4,0.025477707006369428
0.0,0.0,1.0,1.0,0.0013768144447504032,0.1926676433161885,3.8251548094796466E-4,3.402290347912119E-4,0.028662420382165606
0.0,0.0,1.0,1.0,0.001206351703971782,0.19154271415892296,3.3429924385368337E-4,3.3815858898576237E-4,0.03184713375796178
0.0,0.0,1.0,1.0,7.998636298073771E-4,0.11561641198926398,1.887504961450797E-4,1.860448388546942E-4,0.03503184713375796
0.0,0.0,1.0,1.0,0.23660228420072643,0.13901108889292854,0.02743722470939431,0.2721938788059876,0.0031847133757961785
0.0,0.0,1.0,1.0,0.012037292002674954,0.19179935198947784,4.534897819507467E-4,5.167959610089263E-4,0.006369426751592357
0.0,0.0,1.0,1.0,0.004418918741722723,0.19356587572313055,3.631004094780007E-4,3.3823702370151197E-4,0.009554140127388535
0.0,0.0,1.0,1.0,0.0027274038524579417,0.19252542318508933,3.609146067297266E-4,3.3855768327472366E-4,0.012738853503184714
0.0,0.0,1.0,1.0,0.0020455528893434565,0.1925820973726702,3.4869982666584207E-4,3.3841350181194863E-4,0.01592356687898089
0.0,0.0,1.0,1.0,0.0016390648151790514,0.1925778200754943,3.7840102871591934E-4,3.391113400917798E-4,0.01910828025477707
0.0,0.0,1.0,1.0,0.0016521773337004838,0.1926163157500775,3.111554500484284E-4,2.4947891521719936E-4,0.022292993630573247
0.0,0.0,1.0,1.0,0.001403039481793268,0.19261952372295943,3.595002637749611E-4,3.386338110870689E-4,0.025477707006369428
0.0,0.0,1.0,1.0,0.001206351703971782,0.19260348385854978,3.609146067297266E-4,3.3883451168325175E-4,0.028662420382165606
0.0,0.0,1.0,1.0,0.0013768144447504032,0.19272752547665128,3.435567613757854E-4,2.4940970811506737E-4,0.03184713375796178
0.0,0.0,1.0,1.0,8.785387409359716E-4,0.15416555278719377,2.6229632979289007E-4,3.061676060252372E-4,0.03503184713375796
0.0,0.0,1.0,1.0,0.23097701375503193,0.12904605579734166,0.027253360125274784,0.27219243122410136,0.0031847133757961785
0.0,0.0,1.0,1.0,0.011840604224853467,0.19177261888212838,4.651902554856256E-4,5.184211744573265E-4,0.006369426751592357
0.0,0.0,1.0,1.0,0.004484481334329884,0.19145182159393478,3.667005551810404E-4,3.392116903898712E-4,0.009554140127388535
0.0,0.0,1.0,1.0,0.002701178815415077,0.19252007656361944,3.5371431532364733E-4,3.395323499630829E-4,0.012738853503184714
0.0,0.0,1.0,1.0,0.001914427704129132,0.1925863746698461,3.414995352597627E-4,3.393835546934991E-4,0.01592356687898089
0.0,0.0,1.0,1.0,0.0015997272596147542,0.19262380102013535,3.5782876755569265E-4,1.6184542214253204E-4,0.01910828025477707
0.0,0.0,1.0,1.0,0.001455489555878998,0.19263449426307516,3.3789938955672305E-4,3.394700635711641E-4,0.022292993630573247
0.0,0.0,1.0,1.0,0.001455489555878998,0.19261738507437148,3.559001180719214E-4,3.394700635711641E-4,0.025477707006369428
0.0,0.0,1.0,1.0,0.0012588017780575114,0.19268582182918612,3.4625687065306513E-4,3.3994759257587504E-4,0.028662420382165606
0.0,0.0,1.0,1.0,0.0011670141484074847,0.19279917020434786,3.5229997236888174E-4,3.394700635711641E-4,0.03184713375796178
0.0,0.0,1.0,1.0,5.769508149430262E-4,0.11564421442090743,2.010938528412157E-4,2.7483985779347723E-4,0.03503184713375796
0.0,1.0,0.0,0.0,0.426327314687332,0.11629436359164642,0.03123910714843645,0.07059922836734062,0.0031847133757961785
0.0,1.0,0.0,0.0,0.4237834860941741,0.09766031844477474,0.03062103927720389,0.07125662086323414,0.0031847133757961785
0.0,1.0,0.0,0.0,0.41733212698162936,0.10809157693253632,0.031034670303156698,0.07056768030983374,0.0031847133757961785
0.0,1.0,0.0,0.0,0.4226164719457666,0.10738047627704053,0.030919979947188436,0.07073631033488861,0.0031847133757961785
0.0,1.0,0.0,1.0,0.3339758467408835,0.03245292299795759,0.029549224470756082,0.043046605291001766,0.0031847133757961785
0.0,1.0,0.0,1.0,0.3680290573410435,0.052369087973309664,0.03136781235732012,0.04312658678548403,0.0031847133757961785
0.0,1.0,0.0,1.0,0.33193029385154005,0.02837772811360501,0.02985137955654691,0.04305498742452165,0.0031847133757961785
0.0,1.0,0.0,1.0,0.22789557190249532,0.019807093897366252,0.027919258503704872,0.02682116860009875,0.0031847133757961785
0.0,1.0,0.0,1.0,0.0,0.0,0.0,0.0,0.0
0.0,1.0,0.0,1.0,0.36037134652452696,0.042379460418961255,0.028070978929761542,0.01685293287212721,0.0031847133757961785
0.0,1.0,1.0,0.0,0.4772038865504898,0.2501545173604799,0.04095551467104376,0.5458857880153357,0.0031847133757961785
0.0,1.0,1.0,0.0,0.022842007264335263,0.30662339467690364,4.030877421081913E-4,9.70684973083253E-4,0.006369426751592357
0.0,1.0,1.0,0.0,0.010503127335667361,0.38639712565629775,3.560286947041728E-4,6.792780884910729E-4,0.009554140127388535
0.0,1.0,1.0,0.0,0.005835070742037423,0.38513425366510895,3.4805694350458497E-4,5.900470648088582E-4,0.012738853503184714
0.0,1.0,1.0,0.0,0.004274681037986966,0.3852604339317985,3.250417263315814E-4,5.897310190424552E-4,0.01592356687898089
0.0,1.0,1.0,0.0,0.002137340518993483,0.23117080316947722,2.0983706383431204E-4,4.6287440083446696E-4,0.01910828025477707
0.0,1.0,1.0,0.0,0.46203270262119245,0.17815905129548637,0.040862553765925985,0.5458425531851822,0.0031847133757961785
0.0,1.0,1.0,0.0,0.03768537823059675,0.3855138637894714,4.870482829683664E-4,0.0010363244491003651,0.006369426751592357
0.0,1.0,1.0,0.0,0.010450677261581632,0.38469690002887175,3.333992074279235E-4,5.909767468808316E-4,0.009554140127388535
0.0,1.0,1.0,0.0,0.005913745853166018,0.38517488798828015,3.58857380613704E-4,5.912374269655289E-4,0.012738853503184714
0.0,1.0,1.0,0.0,0.004300906075029831,0.3853074842007336,3.3378493732467773E-4,6.802954328924136E-4,0.01592356687898089
0.0,1.0,1.0,0.0,0.0027274038524579417,0.3082519755766331,2.602391036768674E-4,5.273511975357612E-4,0.01910828025477707
0.0,1.0,1.0,1.0,0.45972489936142036,0.18700022455810172,0.033154898968982556,0.298010134907192,0.0031847133757961785
0.0,1.0,1.0,1.0,0.039455568230990126,0.3824352791471069,9.00679308921174E-4,0.0016824281131844552,0.006369426751592357
0.0,1.0,1.0,1.0,0.012942055780653789,0.3068244276441716,4.6801894139515676E-4,8.021979760394516E-4,0.009554140127388535
0.0,1.0,1.0,1.0,0.46121972647286363,0.1836735566795342,0.033158756267950104,0.2988949442475948,0.0031847133757961785
0.0,1.0,1.0,1.0,0.0417895965278051,0.3815263534972251,8.115757027709422E-4,0.001501519594759659,0.006369426751592357
0.0,1.0,1.0,1.0,0.014345095262447058,0.3845429173305388,7.598878966058727E-4,0.0012324562230908009,0.009554140127388535
0.0,1.0,1.0,1.0,0.4510181870631892,0.31784060652073953,0.03503031772700172,0.3116959639265824,0.0031847133757961785
0.0,1.0,1.0,1.0,0.024926897709243015,0.3816546724125025,5.00805982619268E-4,8.738930734931153E-4,0.006369426751592357
0.0,1.0,1.0,1.0,0.007356122890523583,0.2307997476394666,4.1093091667552775E-4,5.607493915729707E-4,0.009554140127388535
0.5,0.0,0.0,0.0,0.2352910323485832,0.13129270613899074,0.024928823190801423,0.10925085509267583,0.0031847133757961785
0.5,0.0,0.0,0.0,0.012417555039796494,0.1923810644054022,8.339480367826886E-4,1.652619460844493E-4,0.006369426751592357
0.5,0.0,0.0,0.0,0.004904081927015722,0.19268154453201022,7.934463976234924E-4,1.6450874212291252E-4,0.009554140127388535
0.5,0.0,0.0,0.0,0.0031994545192295084,0.19253076980655923,7.898462519204527E-4,1.6464715632717654E-4,0.012738853503184714
0.5,0.0,0.0,0.0,0.0011539016298860523,0.0770469540297486,3.0601238475837174E-4,6.577904367307836E-5,0.01592356687898089
0.5,0.0,0.0,0.0,0.2345698438299044,0.16019868045382124,0.025448144208464894,0.10918544400009576,0.0031847133757961785
0.5,0.0,0.0,0.0,0.011316103483996172,0.19202497941550734,7.790458148113338E-4,1.648674656022968E-4,0.006369426751592357
0.5,0.0,0.0,0.0,0.005245007408572965,0.19238641102687212,8.006466890295717E-4,1.6500587980656085E-4,0.009554140127388535
0.5,0.0,0.0,0.0,0.0031732294821866435,0.19253825507661707,8.222475632478097E-4,1.6500587980656085E-4,0.012738853503184714
0.5,0.0,0.0,0.0,6.68738444593053E-4,0.03854379417645989,1.1880480820030901E-4,3.278225082823455E-5,0.01592356687898089
0.5,0.0,0.0,0.0,0.22897079842125279,0.1603997134210892,0.025234835575559795,0.10920543101119148,0.0031847133757961785
0.5,0.0,0.0,0.0,0.010752265187574576,0.1931370766812451,7.97046543326532E-4,1.6530000999062192E-4,0.006369426751592357
0.5,0.0,0.0,0.0,0.004969644519622884,0.19240779751275167,7.934463976234924E-4,1.6543842419488596E-4,0.009554140127388535
0.5,0.0,0.0,0.0,0.0035010424452224537,0.1925232845365014,8.114471261386907E-4,1.6557683839914998E-4,0.012738853503184714
0.5,0.0,0.0,0.0,0.21916263456722132,0.14463252670637422,0.025136988758416464,0.10333270549034763,0.0031847133757961785
0.5,0.0,0.0,0.0,0.010476902298624496,0.18126223039661235,7.715883701407515E-4,1.554552997123424E-4,0.006369426751592357
0.5,0.0,0.0,0.0,0.0044582562972870195,0.18183859619106685,7.538447948900561E-4,1.5559371391660645E-4,0.009554140127388535
0.5,0.0,0.0,0.0,0.0031994545192295084,0.18181186308371738,7.826459605143734E-4,1.5573212812087047E-4,0.012738853503184714
0.5,0.0,0.0,0.0,0.0015210521484861597,0.10914913865928119,4.3561763006779976E-4,9.309739378799012E-5,0.01592356687898089
0.5,0.0,0.0,1.0,0.23064920079199613,0.16057294395671376,0.02464184014761626,0.059098416357527675,0.0031847133757961785
0.5,0.0,0.0,1.0,0.011027628076524658,0.1919009377974058,8.558060642654295E-4,1.6578099935043945E-4,0.006369426751592357
0.5,0.0,0.0,1.0,0.2255090935315946,0.1240180929670541,0.024241966821314354,0.060123302026097315,0.0031847133757961785
0.5,0.0,0.0,1.0,0.014764695855132895,0.19248906615909403,8.446198972595563E-4,1.656391247910688E-4,0.006369426751592357
0.5,0.0,0.0,1.0,0.0029503166673222926,0.07689510998000364,3.6477190569726914E-4,6.663721173951539E-5,0.009554140127388535
0.5,0.0,0.0,1.0,0.22147043782699344,0.08541334730583744,0.02447031892019287,0.06011059560214588,0.0031847133757961785
0.5,0.0,0.0,1.0,0.01985235304144867,0.19117165862891236,8.531059549881497E-4,1.6649152559899483E-4,0.006369426751592357
0.5,0.0,0.0,1.0,0.003265017111836671,0.07685875295400836,3.497284397238534E-4,6.58851612296808E-5,0.009554140127388535
0.5,0.0,0.0,1.0,0.21884793412270695,0.1389180576793524,0.025121559562546296,0.05989287351919366,0.0031847133757961785
0.5,0.0,0.0,1.0,0.010267102002281578,0.19195654266069268,9.208658401846463E-4,1.6672106248773267E-4,0.006369426751592357
0.5,0.0,0.0,1.0,0.002242240667164942,0.07694216024893868,3.4317103147903116E-4,6.647918885631394E-5,0.009554140127388535
0.5,0.0,0.0,1.0,0.23324547945923974,0.16299389415828136,0.024447175126387614,0.05911813115402168,0.0031847133757961785
0.5,0.0,0.0,1.0,0.011302990965474737,0.1919875530652181,8.441055907305506E-4,1.6473481865654377E-4,0.006369426751592357
0.5,0.0,1.0,0.0,0.2451254212396575,0.14962092453778456,0.04013159561157668,0.9906125560403789,0.0031847133757961785
0.5,0.0,1.0,0.0,0.009991739113331498,0.1946640717730466,1.524918858501802E-4,1.612779239050495E-4,0.006369426751592357
0.5,0.0,1.0,0.0,0.003592830074872481,0.19249441278056395,1.0916156078145278E-4,1.6066774795458553E-4,0.009554140127388535
0.5,0.0,1.0,0.0,0.001953765259693429,0.19264091020883903,1.0916156078145278E-4,1.6066774795458553E-4,0.012738853503184714
0.5,0.0,1.0,0.0,0.0013899269632718357,0.19269437642353796,1.224049539033487E-4,5.158501306131221E-4,0.01592356687898089
0.5,0.0,1.0,0.0,0.0012325767410146465,0.19340119978185785,1.0916156078145278E-4,1.6108299056737764E-4,0.01910828025477707
0.5,0.0,1.0,0.0,0.0010227764446717282,0.19270720831506571,1.0916156078145278E-4,1.6108299056737764E-4,0.022292993630573247
0.5,0.0,1.0,0.0,7.867511112859447E-4,0.19273501074670915,6.480262265471401E-5,1.6032978660584086E-4,0.025477707006369428
0.5,0.0,1.0,0.0,8.129761483288095E-4,0.19272431750376934,8.640349687295201E-5,1.6046820081010488E-4,0.028662420382165606
0.5,0.0,1.0,0.0,7.211885186787826E-4,0.19275425858400075,1.1109021026522402E-4,3.3904328644135E-4,0.03184713375796178
0.5,0.0,1.0,0.0,7.605260742430799E-4,0.1927307334495332,8.640349687295201E-5,1.6046820081010488E-4,0.03503184713375796
0.5,0.0,1.0,0.0,6.949634816359178E-4,0.19273501074670915,8.756068656321476E-5,1.6094457636311362E-4,0.03821656050955414
0.5,0.0,1.0,0.0,5.638382964215936E-4,0.1927307334495332,6.480262265471401E-5,1.6046820081010488E-4,0.041401273885350316
0.5,0.0,1.0,0.0,6.818509631144854E-4,0.19273501074670915,9.874685356908802E-5,2.496623140378492E-4,0.044585987261146494
0.5,0.0,1.0,0.0,6.03175851985891E-4,0.19274035736817904,9.874685356908802E-5,2.4969230378210644E-4,0.04777070063694268
0.5,0.0,1.0,0.0,5.507257779001612E-4,0.19276067452976464,8.640349687295201E-5,1.6046820081010488E-4,0.050955414012738856
0.5,0.0,1.0,0.0,5.113882223358641E-4,0.19275746655688267,8.640349687295201E-5,1.6046820081010488E-4,0.054140127388535034
0.5,0.0,1.0,0.0,7.605260742430799E-4,0.1928526364190468,6.634554224173101E-5,2.496623140378492E-4,0.05732484076433121
0.5,0.0,1.0,0.0,5.638382964215936E-4,0.19468973555610208,8.794641645996901E-5,2.495538895778424E-4,0.06050955414012739
0.5,0.0,1.0,0.0,7.080760001573502E-4,0.1927628131783526,8.640349687295201E-5,1.6046820081010488E-4,0.06369426751592357
0.5,0.0,1.0,0.0,4.982757038144316E-4,0.19275746655688267,6.480262265471401E-5,1.6032978660584086E-4,0.06687898089171974
0.5,0.0,1.0,0.0,5.376132593787288E-4,0.1927628131783526,8.640349687295201E-5,1.6046820081010488E-4,0.07006369426751592
0.5,0.0,1.0,0.0,6.162883705073233E-4,0.1927777837184683,1.217620707420916E-4,2.50415517999386E-4,0.0732484076433121
0.5,0.0,1.0,0.0,5.638382964215936E-4,0.19319909749029587,7.714597935085002E-5,2.495538895778424E-4,0.07643312101910828
0.5,0.0,1.0,0.0,7.605260742430799E-4,0.19275425858400075,8.640349687295201E-5,1.6046820081010488E-4,0.07961783439490445
0.5,0.0,1.0,0.0,4.982757038144316E-4,0.19277350642129237,8.640349687295201E-5,1.6046820081010488E-4,0.08280254777070063
0.5,0.0,1.0,0.0,6.03175851985891E-4,0.19272859480094526,0.09888828786456458,0.0011410636309186627,0.08598726114649681
0.5,0.0,1.0,0.0,6.03175851985891E-4,0.19275746655688267,0.21416752480853976,0.0021701247946502725,0.08917197452229299
0.5,0.0,1.0,0.0,5.900633334644586E-4,0.19281521006875754,0.09889754538208667,0.0010468866063374131,0.09235668789808917
0.5,0.0,1.0,0.0,5.113882223358641E-4,0.19275960520547067,8.640349687295201E-5,1.6047166116521148E-4,0.09554140127388536
0.5,0.0,1.0,0.0,4.589381482501344E-4,0.19276602115123453,7.560305976383302E-5,1.604739680686159E-4,0.09872611464968153
0.5,0.0,1.0,0.0,5.507257779001612E-4,0.19274570398964894,8.794641645996901E-5,2.496680812963602E-4,0.10191082802547771
0.5,0.0,1.0,0.0,6.68738444593053E-4,0.1927510506111188,9.874685356908802E-5,2.496980710406174E-4,0.10509554140127389
0.5,0.0,1.0,0.0,5.113882223358641E-4,0.19276602115123453,1.094187140459556E-4,1.6108875782588864E-4,0.10828025477707007
0.5,0.0,1.0,0.0,6.162883705073233E-4,0.19277029844841043,8.640349687295201E-5,1.604739680686159E-4,0.11146496815286625
0.5,0.0,1.0,0.0,5.900633334644586E-4,0.19274356534106096,4.3201748436476005E-5,1.6020636727370543E-4,0.11464968152866242
0.5,0.0,1.0,0.0,4.982757038144316E-4,0.19274035736817904,9.720393398207102E-5,1.6061238227287994E-4,0.1178343949044586
0.5,0.0,1.0,0.0,4.982757038144316E-4,0.1927724370969984,5.400218554559501E-5,1.6020636727370543E-4,0.12101910828025478
0.5,0.0,1.0,0.0,5.507257779001612E-4,0.19275960520547067,8.640349687295201E-5,1.604739680686159E-4,0.12420382165605096
0.5,0.0,1.0,0.0,7.736385927645123E-4,0.19242918399863124,8.640349687295201E-5,1.604739680686159E-4,0.12738853503184713
0.5,0.0,1.0,0.0,5.507257779001612E-4,0.19283766587893109,8.640349687295201E-5,1.608811365194926E-4,0.1305732484076433
0.5,0.0,1.0,0.0,6.556259260716207E-5,0.03855769539228161,0.0,3.206711077287037E-5,0.1337579617834395
0.5,0.0,1.0,0.0,0.24255536760945673,0.1580129815969289,0.03990015767352413,0.9906246199917321,0.0031847133757961785
0.5,0.0,1.0,0.0,0.009991739113331498,0.19198327576804214,1.3114816489644503E-4,1.6149707972846754E-4,0.006369426751592357
0.5,0.0,1.0,0.0,0.003684617704522508,0.19250938332067966,1.0916156078145278E-4,1.6088690377800358E-4,0.009554140127388535
0.5,0.0,1.0,0.0,0.0021504530375149153,0.19264946480319084,1.0916156078145278E-4,1.6088690377800358E-4,0.012738853503184714
0.5,0.0,1.0,0.0,0.0014948271114432947,0.19267512858624633,1.224049539033487E-4,5.161085037944149E-4,0.01592356687898089
0.5,0.0,1.0,0.0,0.0011539016298860523,0.19276174385405861,1.0916156078145278E-4,1.613021463907957E-4,0.01910828025477707
0.5,0.0,1.0,0.0,0.0011014515558003225,0.19281093277158162,1.0530426181391027E-4,1.613021463907957E-4,0.022292993630573247
0.5,0.0,1.0,0.0,9.309888150217012E-4,0.1948244704171434,6.840276835775368E-5,1.605489424292589E-4,0.025477707006369428
0.5,0.0,1.0,0.0,7.998636298073771E-4,0.192841943176107,8.640349687295201E-5,1.6068735663352294E-4,0.028662420382165606
0.5,0.0,1.0,0.0,7.736385927645123E-4,0.19273608007100312,1.1109021026522402E-4,3.391494039979524E-4,0.03184713375796178
0.5,0.0,1.0,0.0,7.211885186787826E-4,0.19276815979982248,8.640349687295201E-5,1.6068735663352294E-4,0.03503184713375796
0.5,0.0,1.0,0.0,7.343010372002152E-4,0.1927114856122416,8.756068656321476E-5,1.6116373218653168E-4,0.03821656050955414
0.5,0.0,1.0,0.0,5.769508149430262E-4,0.19392623801020134,8.640349687295201E-5,1.6068735663352294E-4,0.041401273885350316
0.5,0.0,1.0,0.0,7.343010372002152E-4,0.19273608007100312,7.714597935085002E-5,2.497684315944516E-4,0.044585987261146494
0.5,0.0,1.0,0.0,6.162883705073233E-4,0.19275960520547067,9.874685356908802E-5,2.499114596055245E-4,0.04777070063694268
0.5,0.0,1.0,0.0,7.474135557216474E-4,0.19274035736817904,8.640349687295201E-5,1.6068735663352294E-4,0.050955414012738856
0.5,0.0,1.0,0.0,6.03175851985891E-4,0.19274463466535494,8.640349687295201E-5,1.6068735663352294E-4,0.054140127388535034
0.5,0.0,1.0,0.0,6.162883705073233E-4,0.19282590331169733,7.714597935085002E-5,2.497684315944516E-4,0.05732484076433121
0.5,0.0,1.0,0.0,6.818509631144854E-4,0.19273608007100312,7.714597935085002E-5,2.4977304540126045E-4,0.06050955414012739
0.5,0.0,1.0,0.0,6.556259260716206E-4,0.19277350642129237,8.640349687295201E-5,1.6068735663352294E-4,0.06369426751592357
0.5,0.0,1.0,0.0,4.720506667715668E-4,0.19276602115123453,6.480262265471401E-5,1.605489424292589E-4,0.06687898089171974
0.5,0.0,1.0,0.0,6.162883705073233E-4,0.19284408182469498,8.640349687295201E-5,1.6068735663352294E-4,0.07006369426751592
0.5,0.0,1.0,0.0,5.638382964215936E-4,0.19286012168910463,1.217620707420916E-4,2.5052163555598845E-4,0.0732484076433121
0.5,0.0,1.0,0.0,6.949634816359178E-4,0.19272966412523923,7.714597935085002E-5,2.4977304540126045E-4,0.07643312101910828
0.5,0.0,1.0,0.0,6.556259260716206E-4,0.19276388250264656,8.640349687295201E-5,1.6068735663352294E-4,0.07961783439490445
0.5,0.0,1.0,0.0,5.769508149430262E-4,0.19280344750152376,8.640349687295201E-5,1.6068735663352294E-4,0.08280254777070063
0.5,0.0,1.0,0.0,6.818509631144854E-4,0.19273928804388507,0.09888828786456458,0.001141169748475265,0.08598726114649681
0.5,0.0,1.0,0.0,5.900633334644586E-4,0.19274142669247302,0.21416752480853976,0.0021703439504736906,0.08917197452229299
0.5,0.0,1.0,0.0,6.425134075501882E-4,0.19274142669247302,0.09889754538208667,0.0010471057621608312,0.09235668789808917
0.5,0.0,1.0,0.0,6.949634816359178E-4,0.192742496016767,8.640349687295201E-5,1.6068735663352294E-4,0.09554140127388536
0.5,0.0,1.0,0.0,6.68738444593053E-4,0.19275318925970678,8.640349687295201E-5,1.6068735663352294E-4,0.09872611464968153
0.5,0.0,1.0,0.0,6.294008890287557E-4,0.1927510506111188,7.714597935085002E-5,2.497684315944516E-4,0.10191082802547771
0.5,0.0,1.0,0.0,5.245007408572965E-4,0.19274998128682483,9.874685356908802E-5,2.499114596055245E-4,0.10509554140127389
0.5,0.0,1.0,0.0,5.900633334644586E-4,0.19276174385405861,1.094187140459556E-4,1.613021463907957E-4,0.10828025477707007
0.5,0.0,1.0,0.0,5.113882223358641E-4,0.19277350642129237,8.640349687295201E-5,1.6068735663352294E-4,0.11146496815286625
0.5,0.0,1.0,0.0,5.507257779001612E-4,0.19273821871959107,4.3201748436476005E-5,1.6041975583861248E-4,0.11464968152866242
0.5,0.0,1.0,0.0,5.638382964215936E-4,0.19323866248917307,1.0080407968511069E-4,1.6068735663352294E-4,0.1178343949044586
0.5,0.0,1.0,0.0,6.03175851985891E-4,0.19293818236256507,5.0402039842555344E-5,1.605581700428765E-4,0.12101910828025478
0.5,0.0,1.0,0.0,5.900633334644586E-4,0.1928066554744057,8.640349687295201E-5,1.6068735663352294E-4,0.12420382165605096
0.5,0.0,1.0,0.0,6.03175851985891E-4,0.1927521199354128,8.640349687295201E-5,1.6068966353692735E-4,0.12738853503184713
0.5,0.0,1.0,0.0,6.294008890287557E-4,0.1927670904755285,8.640349687295201E-5,1.6109913889120845E-4,0.1305732484076433
0.5,0.0,1.0,0.0,5.638382964215936E-4,0.1927628131783526,6.480262265471401E-5,1.60964185042051E-4,0.1337579617834395
0.5,0.0,1.0,0.0,5.113882223358641E-4,0.15423185089342042,6.480262265471401E-5,1.2885439655619922E-4,0.13694267515923567
0.5,0.0,1.0,1.0,0.25377968346380286,0.16224322850390838,0.03155296270776216,0.4993095524619507,0.0031847133757961785
0.5,0.0,1.0,1.0,0.009323000668738445,0.19205385117144474,2.0623691813127237E-4,1.6141979846442012E-4,0.006369426751592357
0.5,0.0,1.0,1.0,0.0036452801489582102,0.19252542318508933,2.3928111261988647E-4,5.17162758650226E-4,0.009554140127388535
0.5,0.0,1.0,1.0,0.0022291281486435098,0.19263556358736914,1.7396418343616679E-4,1.612859980669649E-4,0.012738853503184714
0.5,0.0,1.0,1.0,0.0016390648151790514,0.19267192061336438,1.9749370713817603E-4,3.3944814798882227E-4,0.01592356687898089
0.5,0.0,1.0,1.0,0.0014948271114432947,0.1927125549365356,1.7782148240370928E-4,1.6183965488402103E-4,0.01910828025477707
0.5,0.0,1.0,1.0,0.001206351703971782,0.19277457574558635,1.6354947622380204E-4,2.504178249027904E-4,0.022292993630573247
0.5,0.0,1.0,1.0,9.703263705859985E-4,0.19276815979982248,1.8515035044204003E-4,2.5024480714746036E-4,0.025477707006369428
0.5,0.0,1.0,1.0,0.001049001481714593,0.19274570398964894,1.2960524530942802E-4,1.60946883266518E-4,0.028662420382165606
0.5,0.0,1.0,1.0,0.001049001481714593,0.1937465915288129,1.9389356143513636E-4,3.3943892037520466E-4,0.03184713375796178
0.5,0.0,1.0,1.0,9.703263705859985E-4,0.1927521199354128,1.548062652307057E-4,1.6122371167504607E-4,0.03503184713375796
0.5,0.0,1.0,1.0,7.998636298073771E-4,0.1928184180416395,1.9890805009294162E-4,3.4005486358417965E-4,0.03821656050955414
0.5,0.0,1.0,1.0,9.703263705859985E-4,0.19274142669247302,1.7280699374590402E-4,1.6122371167504607E-4,0.041401273885350316
0.5,0.0,1.0,1.0,8.392011853716743E-4,0.1927521199354128,1.4194860200556403E-4,2.5027941069852636E-4,0.044585987261146494
0.5,0.0,1.0,1.0,9.57213852064566E-4,0.19273501074670915,1.8155020473900035E-4,2.5024480714746036E-4,0.04777070063694268
0.5,0.0,1.0,1.0,7.998636298073771E-4,0.19274463466535494,1.6714962192684169E-4,2.504178249027904E-4,0.050955414012738856
0.5,0.0,1.0,1.0,7.343010372002152E-4,0.1927670904755285,1.964650940801647E-4,2.5024480714746036E-4,0.054140127388535034
0.5,0.0,1.0,1.0,7.867511112859447E-4,0.19275960520547067,1.410485655798041E-4,1.6156282647549297E-4,0.05732484076433121
0.5,0.0,1.0,1.0,8.260886668502419E-4,0.192942459659741,1.7589283291993802E-4,3.3943892037520466E-4,0.06050955414012739
0.5,0.0,1.0,1.0,7.998636298073771E-4,0.19277992236705624,1.7280699374590402E-4,1.6122371167504607E-4,0.06369426751592357
0.5,0.0,1.0,1.0,6.949634816359178E-4,0.1927670904755285,1.6354947622380204E-4,2.504178249027904E-4,0.06687898089171974
0.5,0.0,1.0,1.0,1.4423770373575654E-4,0.03853630890640204,3.3944230914374006E-5,1.2118278928486508E-4,0.07006369426751592
0.5,0.0,1.0,1.0,0.23108191390320337,0.15692975608712853,0.03174441331318452,0.4993359457438004,0.0031847133757961785
0.5,0.0,1.0,1.0,0.010044189187417228,0.1919672359036325,1.5956360062400812E-4,1.6115335112121187E-4,0.006369426751592357
0.5,0.0,1.0,1.0,0.003946868074951156,0.19249869007773987,2.4686713392272003E-4,5.17168525908737E-4,0.009554140127388535
0.5,0.0,1.0,1.0,0.0022553531856863746,0.1927082776393597,1.9556505765440477E-4,1.6143017952973993E-4,0.012738853503184714
0.5,0.0,1.0,1.0,0.0017308524448290785,0.20033790647689723,1.9389356143513636E-4,3.395854087413841E-4,0.01592356687898089
0.5,0.0,1.0,1.0,0.0012588017780575114,0.1927050696664777,1.9222206521586795E-4,1.61707007938268E-4,0.01910828025477707
0.5,0.0,1.0,1.0,0.0011932391854503495,0.19272538682806334,1.548062652307057E-4,1.6122947893355708E-4,0.022292993630573247
0.5,0.0,1.0,1.0,8.654262224145392E-4,0.19272324817947536,1.7589283291993802E-4,3.394493014405245E-4,0.025477707006369428
0.5,0.0,1.0,1.0,0.0011014515558003225,0.19275853588117667,1.5120611952766603E-4,1.6109106472929306E-4,0.028662420382165606
0.5,0.0,1.0,1.0,8.785387409359716E-4,0.19276388250264656,1.794929786229777E-4,3.394493014405245E-4,0.03184713375796178
0.5,0.0,1.0,1.0,8.654262224145392E-4,0.19273928804388507,1.6200655663678503E-4,1.6122947893355708E-4,0.03503184713375796
0.5,0.0,1.0,1.0,9.178762965002688E-4,0.19276174385405861,2.0610834149902094E-4,3.4006524464949946E-4,0.03821656050955414
0.5,0.0,1.0,1.0,8.129761483288095E-4,0.192742496016767,1.5120611952766603E-4,1.6109106472929306E-4,0.041401273885350316
0.5,0.0,1.0,1.0,9.047637779788364E-4,0.19272538682806334,1.6714962192684169E-4,2.504282059681102E-4,0.044585987261146494
0.5,0.0,1.0,1.0,8.129761483288095E-4,0.19274998128682483,1.6714962192684169E-4,2.5011216020170735E-4,0.04777070063694268
0.5,0.0,1.0,1.0,6.818509631144854E-4,0.17291080766063924,1.563491848177227E-4,2.3377697719514676E-4,0.050955414012738856
0.5,0.0,1.0,1.0,7.343010372002152E-4,0.19926216623715473,1.749927964941781E-4,2.5011216020170735E-4,0.054140127388535034
0.5,0.0,1.0,1.0,9.047637779788364E-4,0.1927510506111188,1.663781621333332E-4,1.6156859373400397E-4,0.05732484076433121
0.5,0.0,1.0,1.0,8.785387409359716E-4,0.1936781547739983,1.9749370713817603E-4,3.3914594364284584E-4,0.06050955414012739
0.5,0.0,1.0,1.0,7.998636298073771E-4,0.1927050696664777,1.5120611952766603E-4,1.6122947893355708E-4,0.06369426751592357
0.5,0.0,1.0,1.0,9.047637779788364E-4,0.19274998128682483,1.5994933052076237E-4,2.504282059681102E-4,0.06687898089171974
0.5,0.0,1.0,1.0,1.180126666928917E-4,0.03855127944651774,4.114452232045334E-5,1.2118394273656727E-4,0.07006369426751592
0.5,0.0,1.0,1.0,0.23433381849651863,0.0935231027513714,0.03135881199306252,0.49924988555884753,0.0031847133757961785
0.5,0.0,1.0,1.0,0.017098724151947863,0.1913962167306479,2.6602505212818114E-4,1.6314074840410297E-4,0.006369426751592357
0.5,0.0,1.0,1.0,0.004707394149194235,0.19240031224269383,2.279663689817618E-4,5.167844264919042E-4,0.009554140127388535
0.5,0.0,1.0,1.0,0.002386478370900699,0.19260027588566783,2.0752268445378653E-4,1.6238639099086397E-4,0.012738853503184714
0.5,0.0,1.0,1.0,0.0018095275559576727,0.18279991873135365,1.5120611952766603E-4,1.4626228964580607E-4,0.01592356687898089
0.5,0.0,1.0,1.0,0.0013637019262289708,0.19269758439641987,1.9749370713817603E-4,3.398334008573572E-4,0.01910828025477707
0.5,0.0,1.0,1.0,0.001245689259536079,0.19271576290941753,1.5236330921792877E-4,1.6190886198615305E-4,0.022292993630573247
0.5,0.0,1.0,1.0,0.0010358889631931606,0.192742496016767,1.9749370713817603E-4,3.39814945630122E-4,0.025477707006369428
0.5,0.0,1.0,1.0,0.0011539016298860523,0.1927264561523573,1.5120611952766603E-4,1.6143133298144214E-4,0.028662420382165606
0.5,0.0,1.0,1.0,8.129761483288095E-4,0.1927563972325887,1.6509239581081903E-4,3.3967653142585793E-4,0.03184713375796178
0.5,0.0,1.0,1.0,0.0011932391854503495,0.19272538682806334,1.6200655663678503E-4,1.6143248643314434E-4,0.03503184713375796
0.5,0.0,1.0,1.0,6.949634816359178E-4,0.19275746655688267,2.0790841435054078E-4,2.5141440717349147E-4,0.03821656050955414
0.5,0.0,1.0,1.0,8.392011853716743E-4,0.19276815979982248,1.6354947622380204E-4,2.504524284538564E-4,0.041401273885350316
0.5,0.0,1.0,1.0,8.523137038931068E-4,0.19274142669247302,1.5120611952766603E-4,1.6143133298144214E-4,0.044585987261146494
0.5,0.0,1.0,1.0,8.654262224145392E-4,0.19274463466535494,1.7589283291993802E-4,3.3967653142585793E-4,0.04777070063694268
0.5,0.0,1.0,1.0,7.343010372002152E-4,0.19279382358287797,1.5120611952766603E-4,1.6143133298144214E-4,0.050955414012738856
0.5,0.0,1.0,1.0,7.998636298073771E-4,0.19271790155800547,1.9749370713817603E-4,3.39814945630122E-4,0.054140127388535034
0.5,0.0,1.0,1.0,8.523137038931068E-4,0.1927510506111188,1.742213367006696E-4,1.620472761904171E-4,0.05732484076433121
0.5,0.0,1.0,1.0,6.425134075501882E-4,0.19276815979982248,1.4194860200556403E-4,2.505170217491796E-4,0.06050955414012739
0.5,0.0,1.0,1.0,8.129761483288095E-4,0.19273821871959107,1.8515035044204003E-4,2.5059084265812044E-4,0.06369426751592357
0.5,0.0,1.0,1.0,7.080760001573502E-4,0.19274570398964894,1.8515035044204003E-4,2.507938501577077E-4,0.06687898089171974
0.5,0.0,1.0,1.0,4.589381482501344E-4,0.11566453158249303,8.794641645996901E-5,1.8585221242042676E-4,0.07006369426751592
0.5,0.0,1.0,1.0,0.22794802197658104,0.08882449180362928,0.03221461805732795,0.5024573936712609,0.0031847133757961785
0.5,0.0,1.0,1.0,0.020376853782305967,0.19148069334987222,2.441670246454403E-4,1.6279701979684727E-4,0.006369426751592357
0.5,0.0,1.0,1.0,0.005533482816044477,0.19271469358512355,2.5008154972900546E-4,5.16546815441251E-4,0.009554140127388535
0.5,0.0,1.0,1.0,0.002924091630279428,0.192641979533133,1.8540750370654287E-4,1.6190540163104646E-4,0.012738853503184714
0.5,0.0,1.0,1.0,0.002058665407864889,0.19267192061336438,1.563491848177227E-4,2.5025518821278017E-4,0.01592356687898089
0.5,0.0,1.0,1.0,0.0015341646670075921,0.19276174385405861,1.8515035044204003E-4,2.5026441582639777E-4,0.01910828025477707
0.5,0.0,1.0,1.0,0.0013637019262289708,0.19270720831506571,1.742213367006696E-4,1.617058544865658E-4,0.022292993630573247
0.5,0.0,1.0,1.0,0.001271914296578944,0.1928772308778083,1.7589283291993802E-4,3.394446876337157E-4,0.025477707006369428
0.5,0.0,1.0,1.0,9.178762965002688E-4,0.19274998128682483,1.7280699374590402E-4,1.6122947893355708E-4,0.028662420382165606
0.5,0.0,1.0,1.0,0.0011276765928431873,0.19271362426082958,1.6149225010777935E-4,3.3930627342945165E-4,0.03184713375796178
0.5,0.0,1.0,1.0,0.0010227764446717282,0.19275853588117667,1.6200655663678503E-4,1.6109106472929306E-4,0.03503184713375796
0.5,0.0,1.0,1.0,8.785387409359716E-4,0.19275318925970678,1.901648390998453E-4,2.51181409929647E-4,0.03821656050955414
0.5,0.0,1.0,1.0,9.441013335431336E-4,0.19272966412523923,1.7074976762988136E-4,2.501075463948985E-4,0.041401273885350316
0.5,0.0,1.0,1.0,9.309888150217012E-4,0.19276602115123453,1.6354947622380204E-4,2.504282059681102E-4,0.044585987261146494
0.5,0.0,1.0,1.0,6.425134075501882E-4,0.1927510506111188,1.7074976762988136E-4,2.501075463948985E-4,0.04777070063694268
0.5,0.0,1.0,1.0,0.0010358889631931606,0.1927125549365356,1.5120611952766603E-4,1.6109106472929306E-4,0.050955414012738856
0.5,0.0,1.0,1.0,8.129761483288095E-4,0.19274356534106096,1.8309312432601737E-4,3.3958310183797974E-4,0.054140127388535034
0.5,0.0,1.0,1.0,8.392011853716743E-4,0.19274463466535494,1.9530790438990195E-4,1.6184426869082983E-4,0.05732484076433121
0.5,0.0,1.0,1.0,7.474135557216474E-4,0.1927981008800539,1.4914889341164335E-4,2.5028979176384617E-4,0.06050955414012739
0.5,0.0,1.0,1.0,7.474135557216474E-4,0.19275853588117667,1.563491848177227E-4,2.501075463948985E-4,0.06369426751592357
0.5,0.0,1.0,1.0,6.556259260716206E-4,0.19278847696140808,1.8515035044204003E-4,2.5056662017237426E-4,0.06687898089171974
0.5,0.0,1.0,1.0,7.343010372002152E-4,0.15418693927307334,1.1674758208428636E-4,2.1766787072221747E-4,0.07006369426751592
0.5,1.0,0.0,0.0,0.4501396483222533,0.2154399734807575,0.03255200314035567,0.11724295699362826,0.0031847133757961785
0.5,1.0,0.0,0.0,0.018514876152262563,0.15277329255643357,3.146270191192166E-4,1.2889822772088285E-4,0.006369426751592357
0.5,1.0,0.0,0.0,0.46567798277015066,0.26323770009730846,0.032450170447612545,0.11684694357416353,0.0031847133757961785
0.5,1.0,0.0,0.0,0.009454125853952769,0.07879209127752174,1.5917787072725387E-4,6.507774503814058E-5,0.006369426751592357
0.5,1.0,0.0,0.0,0.4666089715851724,0.32112984804901784,0.03277019768528632,0.11743132373075948,0.0031847133757961785
0.5,1.0,0.0,0.0,0.45562068106421205,0.24798378904370327,0.032536316791220994,0.11752927369585862,0.0031847133757961785
0.5,1.0,0.0,0.0,0.009362338224302741,0.07637221040024808,1.8077874494549186E-4,6.507889848984278E-5,0.006369426751592357
0.5,1.0,1.0,0.0,0.4736372815126601,0.2623779633649497,0.05279909399761851,0.9997509824654637,0.0031847133757961785
0.5,1.0,1.0,0.0,0.023287832894063967,0.3800859736732358,1.9672224734466754E-4,3.1577701215626785E-4,0.006369426751592357
0.5,1.0,1.0,0.0,0.008011748816595204,0.38504977704588467,3.044694651713547E-4,0.0010339979370170272,0.009554140127388535
0.5,1.0,1.0,0.0,0.004772956741801398,0.38517488798828015,1.6676389203008744E-4,3.1853030136941995E-4,0.012738853503184714
0.5,1.0,1.0,0.0,0.003238792074793806,0.38539516879283975,1.362912301865017E-4,5.008990896492019E-4,0.01592356687898089
0.5,1.0,1.0,0.0,0.002674953778372212,0.3854871306821219,1.8669327002905704E-4,4.975875298121848E-4,0.01910828025477707
0.5,1.0,1.0,0.0,0.0024782660005507255,0.3854293871702471,1.649638191785676E-4,4.1234283521277427E-4,0.022292993630573247
0.5,1.0,1.0,0.0,0.0021111154819506185,0.38543152581883505,1.6663531539783604E-4,5.867908706535467E-4,0.025477707006369428
0.5,1.0,1.0,0.0,0.0019931028152577264,0.391041201065047,1.779500590359607E-4,4.1184223717401935E-4,0.028662420382165606
0.5,1.0,1.0,0.0,0.0017964150374362405,0.38379866762192966,1.486345868826377E-4,5.844805068940395E-4,0.03184713375796178
0.5,1.0,1.0,0.0,0.0019013151856076996,0.3855095864922955,1.6714962192684169E-4,4.1184223717401935E-4,0.03503184713375796
0.5,1.0,1.0,0.0,0.4808229416624051,0.32602949196402786,0.05297292960442242,0.9998152689426341,0.0031847133757961785
0.5,1.0,1.0,0.0,0.019052489411641293,0.38401894842648926,1.3500546386398753E-4,3.1884057987731183E-4,0.006369426751592357
0.5,1.0,1.0,0.0,0.007251222742352124,0.3851139365035234,3.1166975657743404E-4,0.001034153652996824,0.009554140127388535
0.5,1.0,1.0,0.0,0.004707394149194235,0.3868601430755905,1.7396418343616679E-4,3.184553270087769E-4,0.012738853503184714
0.5,1.0,1.0,0.0,0.003278129630358103,0.3853181774436733,1.7383560680391536E-4,5.90288136214618E-4,0.01592356687898089
0.5,1.0,1.0,0.0,0.0026487287413293472,0.38553097297817507,1.9865089682843877E-4,5.017157334543597E-4,0.01910828025477707
0.5,1.0,1.0,0.0,0.002452040963507861,0.3854807147363581,1.6354947622380204E-4,4.0800239645739456E-4,0.022292993630573247
0.5,1.0,1.0,0.0,0.0022160156301220773,0.3854165552787194,1.486345868826377E-4,5.900009267407701E-4,0.025477707006369428
0.5,1.0,1.0,0.0,0.002137340518993483,0.38551172514088344,1.3680553671550737E-4,3.186929380594302E-4,0.028662420382165606
0.5,1.0,1.0,0.0,0.0017964150374362405,0.38564111338045487,2.0057954631221003E-4,6.797025587174826E-4,0.03184713375796178
0.5,1.0,1.0,0.0,0.0015079396299647273,0.308606991242234,1.0080407968511069E-4,2.5476057056157453E-4,0.03503184713375796
0.5,1.0,1.0,0.0,0.4757352844760893,0.2651346813948266,0.05273763436740233,0.9997538545602022,0.0031847133757961785
0.5,1.0,1.0,0.0,0.022723994597642367,0.3841269501801811,1.8540750370654287E-4,3.197114359124731E-4,0.006369426751592357
0.5,1.0,1.0,0.0,0.007854398594338015,0.38503587583006293,3.011264727328179E-4,0.0010351467749124185,0.009554140127388535
0.5,1.0,1.0,0.0,0.0043664686676369935,0.3854914079792979,1.7396418343616679E-4,3.193261830439382E-4,0.012738853503184714
0.5,1.0,1.0,0.0,0.0034223673340938593,0.3881272923639552,1.3989137588954137E-4,5.017261145196794E-4,0.01592356687898089
0.5,1.0,1.0,0.0,0.0026487287413293472,0.38541441663013143,2.032796555894898E-4,5.913723808146863E-4,0.01910828025477707
0.5,1.0,1.0,0.0,0.0023733658523792667,0.3860153768833474,1.5197757932117453E-4,3.201566682695224E-4,0.022292993630573247
0.5,1.0,1.0,0.0,0.001783302518914808,0.38594587080423876,1.717783806878927E-4,6.803219622815641E-4,0.025477707006369428
0.5,1.0,1.0,0.0,0.0020455528893434565,0.3854742987905942,1.5840641093374535E-4,3.1956379409459144E-4,0.028662420382165606
0.5,1.0,1.0,0.0,0.0016652898522219162,0.38562721216463314,1.6097794357877368E-4,6.806910668262682E-4,0.03184713375796178
0.5,1.0,1.0,0.0,0.0016784023707433486,0.3083621159789129,1.2600509960638835E-4,2.554572553897035E-4,0.03503184713375796
0.5,1.0,1.0,1.0,0.4638815677327144,0.25003796101243625,0.03359848835024995,0.5320086924812348,0.0031847133757961785
0.5,1.0,1.0,1.0,0.026867550450415008,0.38568709432509596,6.08810353710458E-4,0.002220222662431938,0.006369426751592357
0.5,1.0,1.0,1.0,0.011237428372867578,0.3925542949410267,6.874992526483251E-4,0.0029383409300912013,0.009554140127388535
0.5,1.0,1.0,1.0,0.007815061038773717,0.3849770629938941,3.8881573592828406E-4,0.001052039075091142,0.012738853503184714
0.5,1.0,1.0,1.0,0.0077101608906022575,0.38466695894864034,2.679537016119524E-4,6.913120501001285E-4,0.01592356687898089
0.5,1.0,1.0,1.0,0.0023995908894221315,0.15403509522332837,1.1777619514229768E-4,3.136073695044291E-4,0.01910828025477707
0.5,1.0,1.0,1.0,0.47712521143936115,0.2559962359784852,0.03380601103470373,0.5315099503462688,0.0031847133757961785
0.5,1.0,1.0,1.0,0.029975217339994493,0.38412374220729917,4.96820107019474E-4,0.001232952207322747,0.006369426751592357
0.5,1.0,1.0,1.0,0.013335431336296763,0.38420287220505356,2.967548672362697E-4,8.710636564676179E-4,0.009554140127388535
0.5,1.0,1.0,1.0,0.008575587113016796,0.3849374979950169,4.030877421081913E-4,9.620144766378133E-4,0.012738853503184714
0.5,1.0,1.0,1.0,0.0069758598534020435,0.385683886352214,3.5641442460092706E-4,7.823839826990549E-4,0.01592356687898089
0.5,1.0,1.0,1.0,0.0024782660005507255,0.15403509522332837,1.0028977315610502E-4,4.025615647781158E-4,0.01910828025477707
0.5,1.0,1.0,1.0,0.466202483511008,0.18304693264326272,0.033681934584581116,0.5350173420598338,0.0031847133757961785
0.5,1.0,1.0,1.0,0.03817054141588975,0.3844124597666734,6.480262265471401E-4,0.002219658624549562,0.006369426751592357
0.5,1.0,1.0,1.0,0.012942055780653789,0.3852946523092058,5.287071118178254E-4,0.002218156830433297,0.009554140127388535
0.5,1.0,1.0,1.0,0.008392011853716744,0.38493963664360487,4.8177664104605836E-4,0.001320042424645678,0.012738853503184714
0.5,1.0,1.0,1.0,0.007080760001573503,0.38973448677780503,5.544224382681088E-4,0.0019501742430094006,0.01592356687898089
0.5,1.0,1.0,1.0,0.003448592371136724,0.23108418790166493,2.0057954631221003E-4,6.500692310362549E-4,0.01910828025477707
0.5,1.0,1.0,1.0,0.467841548326187,0.3191280729706898,0.03327344662391837,0.5275783663881544,0.0031847133757961785
0.5,1.0,1.0,1.0,0.021412742745499126,0.38388421356544794,4.4950390635095275E-4,0.0010544832392481043,0.006369426751592357
0.5,1.0,1.0,1.0,0.011617691409989117,0.38551921041094134,4.4886102318969566E-4,0.0011400601279377485,0.009554140127388535
0.5,1.0,1.0,1.0,0.007579035705387934,0.38490541826619756,3.2812756550561537E-4,0.0010522593843662622,0.012738853503184714
0.5,1.0,1.0,1.0,0.006490696668109044,0.3856036870301656,4.644187956921171E-4,0.0014107452526999002,0.01592356687898089
0.5,1.0,1.0,1.0,0.46477321899217183,0.32432285039083797,0.03344651077092877,0.5273171499484156,0.0031847133757961785
0.5,1.0,1.0,1.0,0.022120818745656478,0.3839173626185613,5.074919674963417E-4,0.0015034746953948885,0.006369426751592357
0.5,1.0,1.0,1.0,0.011853716743374898,0.3859758118844702,5.36293133120659E-4,0.0017663209623888872,0.009554140127388535
0.5,1.0,1.0,1.0,0.007697048372080826,0.3851396002865789,3.775009922901594E-4,0.0012325335043548483,0.012738853503184714
0.5,1.0,1.0,1.0,0.007461023038695043,0.38473111840627905,3.173271283964964E-4,9.638992167192086E-4,0.01592356687898089
0.0,0.0,0.0,0.0,0.22805292212475248,0.1506656543730017,0.02474174419087561,0.06297515253375073,0.0031847133757961785
0.0,0.0,0.0,0.0,0.011761929113724874,0.19240352021557575,9.820683171363207E-4,1.6564835240468642E-4,0.006369426751592357
0.0,0.0,0.0,0.0,0.0011932391854503495,0.038459317557235584,1.3680553671550737E-4,3.277302321461695E-5,0.009554140127388535
0.0,0.0,0.0,1.0,1.3112518521432411E-5,1.0693242939786348E-6,0.017544795777234813,1.0523170569513721E-4,0.0031847133757961785
0.0,0.0,0.0,1.0,0.23325859197776116,0.25927585358811767,0.006331884831853266,0.03660727891809967,0.006369426751592357
0.0,0.0,0.0,1.0,0.004772956741801398,0.07672081012008511,4.520754389959811E-4,6.694402989230066E-5,0.009554140127388535
0.0,0.0,1.0,0.0,1.3112518521432411E-5,1.0693242939786348E-6,0.017545695813660573,1.0526515579450103E-4,0.0031847133757961785
0.0,0.0,1.0,0.0,0.11616380158136974,0.03970508035972069,0.003594874061117359,0.16955295366713122,0.006369426751592357
0.0,0.0,1.0,0.0,0.13874355847527636,0.21011259984815595,0.010599471832910037,0.36715515596169385,0.009554140127388535
0.0,0.0,1.0,0.0,0.005900633334644585,0.19229551846188392,2.219232672659452E-4,1.616424146429448E-4,0.012738853503184714
0.0,0.0,1.0,0.0,0.0030421042969723195,0.1927467733139429,2.3208082121380712E-4,5.162388438367635E-4,0.01592356687898089
0.0,0.0,1.0,0.0,0.001914427704129132,0.19264946480319084,1.8785045971931978E-4,1.6105415427482265E-4,0.01910828025477707
0.0,0.0,1.0,0.0,0.0016390648151790514,0.1928676069591625,1.9749370713817603E-4,3.395438844801049E-4,0.022292993630573247
0.0,0.0,1.0,0.0,0.0011801266669289171,0.19267726723483428,1.8862191951282827E-4,1.613032998424979E-4,0.025477707006369428
0.0,0.0,1.0,0.0,0.001049001481714593,0.19272004020659345,1.7589283291993802E-4,3.392486008443416E-4,0.028662420382165606
0.0,0.0,1.0,0.0,0.0011145640743217549,0.1927050696664777,1.5840641093374535E-4,1.6068735663352294E-4,0.03184713375796178
0.0,0.0,1.0,0.0,9.834388891074308E-4,0.1927125549365356,1.8155020473900035E-4,2.500498738097885E-4,0.03503184713375796
0.0,0.0,1.0,0.0,8.654262224145392E-4,0.19274570398964894,1.887504961450797E-4,2.5016291207660414E-4,0.03821656050955414
0.0,0.0,1.0,0.0,0.0010752265187574577,0.19269437642353796,1.6766392845584736E-4,2.499114596055245E-4,0.041401273885350316
0.0,0.0,1.0,0.0,5.900633334644586E-4,0.1593378743971684,1.8219308790025745E-4,2.202089248221647E-4,0.044585987261146494
0.0,0.0,1.0,0.0,0.001206351703971782,0.22515371536725942,1.548062652307057E-4,1.903783568998607E-4,0.04777070063694268
0.0,0.0,1.0,0.0,7.867511112859447E-4,0.19279489290717194,1.794929786229777E-4,3.392486008443416E-4,0.050955414012738856
0.0,0.0,1.0,0.0,6.425134075501882E-4,0.15416341413860582,1.4760597382462636E-4,1.2874366519278802E-4,0.054140127388535034
0.0,0.0,1.0,0.0,0.00108833903727889,0.23073665750612188,2.0469399854425538E-4,3.708889344873979E-4,0.05732484076433121
0.0,0.0,1.0,0.0,7.998636298073771E-4,0.19271469358512355,1.8142162810674895E-4,1.6144171404676195E-4,0.06050955414012739
0.0,0.0,1.0,0.0,7.080760001573502E-4,0.1948993231177219,1.6714962192684169E-4,2.4977304540126045E-4,0.06369426751592357
0.0,0.0,1.0,0.0,9.178762965002688E-4,0.1927467733139429,1.8155020473900035E-4,2.5016291207660414E-4,0.06687898089171974
0.0,0.0,1.0,0.0,7.605260742430799E-4,0.19176406428777654,1.6714962192684169E-4,2.4829316686733746E-4,0.07006369426751592
0.0,0.0,1.0,0.0,7.867511112859447E-4,0.19273821871959107,1.6354947622380204E-4,2.4988608366807605E-4,0.0732484076433121
0.0,0.0,1.0,1.0,0.23679897197854793,0.15756386539345787,0.027228287681985756,0.2722368102783435,0.0031847133757961785
0.0,0.0,1.0,1.0,0.011106303187653254,0.19190200712169977,4.6403306579536284E-4,5.187176115447919E-4,0.006369426751592357
0.0,0.0,1.0,1.0,0.004392693704679858,0.19248371953762416,3.8611562665100433E-4,3.4035014721994295E-4,0.009554140127388535
0.0,0.0,1.0,1.0,0.0026225037042864824,0.19255322561673277,3.4869982666584207E-4,3.398541629879968E-4,0.012738853503184714
0.0,0.0,1.0,1.0,0.0020717779263863213,0.1926270089930173,3.306990981506437E-4,3.3997642886843005E-4,0.01592356687898089
0.0,0.0,1.0,1.0,0.0017570774818719433,0.1926526727760728,3.609146067297266E-4,3.406085204012358E-4,0.01910828025477707
0.0,0.0,1.0,1.0,0.0016128397781361866,0.19266336601901257,3.615574898909837E-4,2.511398856683678E-4,0.022292993630573247
0.0,0.0,1.0,1.0,0.001403039481793268,0.19268689115348012,3.1629851533848506E-4,3.3999257719226084E-4,0.025477707006369428
0.0,0.0,1.0,1.0,0.001271914296578944,0.19271041628794763,3.89715772354044E-4,3.4088534880976387E-4,0.028662420382165606
0.0,0.0,1.0,1.0,0.001271914296578944,0.19268475250489214,3.234988067445644E-4,3.3999257719226084E-4,0.03184713375796178
0.0,0.0,1.0,1.0,4.1960059268583716E-4,0.07708010308286194,1.1726188861329203E-4,6.457253319257686E-5,0.03503184713375796
0.0,1.0,0.0,0.0,0.4294218690583901,0.12469283659655461,0.030899921992557214,0.0708306672979354,0.0031847133757961785
0.0,1.0,0.0,1.0,0.4410395604683792,0.10291497802538574,0.02934054459661203,0.038923572572807874,0.0031847133757961785
0.0,1.0,1.0,0.0,0.4865924498118353,0.328928430125004,0.04128184216369785,0.5459312374727575,0.0031847133757961785
0.0,1.0,1.0,0.0,0.023995908894221315,0.38688687618294,5.641942623192164E-4,0.0011940024502428473,0.006369426751592357
0.0,1.0,1.0,0.0,0.008221549112938122,0.38490648759049156,3.3789938955672305E-4,6.808986881326643E-4,0.009554140127388535
0.0,1.0,1.0,0.0,0.0052187823715301,0.38516633339392836,3.5242854900113314E-4,6.813496877482246E-4,0.012738853503184714
0.0,1.0,1.0,0.0,0.0037764053341725343,0.3852732658233262,3.3018479162163805E-4,6.818064546222959E-4,0.01592356687898089
0.0,1.0,1.0,1.0,0.4601444999541062,0.25342344172717257,0.034495181783571326,0.3086023222593069,0.0031847133757961785
0.0,1.0,1.0,1.0,0.028559065339679793,0.38328753060940784,7.749313625792884E-4,8.748515918576437E-4,0.006369426751592357
0.0,1.0,1.0,1.0,0.008392011853716744,0.23066822075130722,4.1298814279155043E-4,5.60561378945512E-4,0.009554140127388535
0.5,0.0,0.0,0.0,0.23332415457036834,0.15775741309066799,0.02521722057694135,0.10838717929436081,0.0031847133757961785
0.5,0.0,0.0,0.0,0.01049001481714593,0.19195226536351678,7.787886615468309E-4,1.6438301588737268E-4,0.006369426751592357
0.5,0.0,0.0,0.0,0.0047336191862371,0.19243346129580716,8.150472718417304E-4,1.6452143009163672E-4,0.009554140127388535
0.5,0.0,0.0,0.0,0.0031601169636652116,0.19276067452976464,8.039896814681086E-4,1.6465984429590077E-4,0.012738853503184714
0.5,0.0,0.0,0.0,5.507257779001612E-4,0.038520269041992364,1.5120611952766603E-4,3.280301295887416E-5,0.01592356687898089
0.5,0.0,0.0,1.0,0.2289839109397742,0.16286450591870996,0.024860934728972675,0.0586635350760539,0.0031847133757961785
0.5,0.0,0.0,1.0,0.010358889631931606,0.19196509725504451,9.674105810596592E-4,1.6702903409222017E-4,0.006369426751592357
0.5,0.0,1.0,0.0,0.24041802709046325,0.14519178331212507,0.03999350430853866,0.9905847163300946,0.0031847133757961785
0.5,0.0,1.0,0.0,0.010909615409831767,0.19192018563469743,1.6072079031427086E-4,1.6236332195681996E-4,0.006369426751592357
0.5,0.0,1.0,0.0,0.003933755556429723,0.19248692751050608,1.0916156078145278E-4,1.6147055033931694E-4,0.009554140127388535
0.5,0.0,1.0,0.0,0.0022291281486435098,0.19308040249366426,1.0916156078145278E-4,1.6147055033931694E-4,0.012738853503184714
0.5,0.0,1.0,0.0,0.0015866147410933218,0.19276388250264656,1.2600509960638835E-4,5.164164753989023E-4,0.01592356687898089
0.5,0.0,1.0,0.0,0.0012194642224932144,0.19365142166664884,1.0916156078145278E-4,1.6188579295210904E-4,0.01910828025477707
0.5,0.0,1.0,0.0,0.0010752265187574577,0.19271362426082958,1.0196126937537343E-4,1.6174737874784503E-4,0.022292993630573247
0.5,0.0,1.0,0.0,9.309888150217012E-4,0.19271897088229947,7.200291406079334E-5,1.6126984974313408E-4,0.025477707006369428
0.5,0.0,1.0,0.0,8.129761483288095E-4,0.19271362426082958,8.280335116991235E-5,1.6126984974313408E-4,0.028662420382165606
0.5,0.0,1.0,0.0,8.91651259457404E-4,0.19272431750376934,1.1109021026522402E-4,3.397365109143724E-4,0.03184713375796178
0.5,0.0,1.0,0.0,7.343010372002152E-4,0.1927777837184683,8.640349687295201E-5,1.6126984974313408E-4,0.03503184713375796
0.5,0.0,1.0,0.0,7.080760001573502E-4,0.19274570398964894,8.78178398277176E-5,1.6174737874784503E-4,0.03821656050955414
0.5,0.0,1.0,0.0,7.211885186787826E-4,0.1927114856122416,6.840276835775368E-5,1.6113143553887006E-4,0.041401273885350316
0.5,0.0,1.0,0.0,6.818509631144854E-4,0.19273608007100312,9.514670786604836E-5,2.5049395271513564E-4,0.044585987261146494
0.5,0.0,1.0,0.0,6.818509631144854E-4,0.19316701776147652,9.874685356908802E-5,2.5049395271513564E-4,0.04777070063694268
0.5,0.0,1.0,0.0,6.68738444593053E-4,0.19273821871959107,8.640349687295201E-5,1.6126984974313408E-4,0.050955414012738856
0.5,0.0,1.0,0.0,6.68738444593053E-4,0.19271897088229947,8.280335116991235E-5,1.6113143553887006E-4,0.054140127388535034
0.5,0.0,1.0,0.0,6.818509631144854E-4,0.1927018616935958,5.0402039842555344E-5,1.6113143553887006E-4,0.05732484076433121
0.5,0.0,1.0,0.0,6.818509631144854E-4,0.19273928804388507,1.0749006456218435E-4,3.3971805568713717E-4,0.06050955414012739
0.5,0.0,1.0,0.0,6.556259260716206E-4,0.1927467733139429,8.640349687295201E-5,1.6126984974313408E-4,0.06369426751592357
0.5,0.0,1.0,0.0,6.425134075501882E-4,0.19274463466535494,6.840276835775368E-5,1.6113143553887006E-4,0.06687898089171974
0.5,0.0,1.0,0.0,7.736385927645123E-4,0.19274784263823688,8.280335116991235E-5,1.6126984974313408E-4,0.07006369426751592
0.5,0.0,1.0,0.0,5.245007408572965E-4,0.19273608007100312,1.2150491747758877E-4,2.5110989592411057E-4,0.0732484076433121
0.5,0.0,1.0,0.0,5.900633334644586E-4,0.1927114856122416,8.074612505388968E-5,2.503555385108716E-4,0.07643312101910828
0.5,0.0,1.0,0.0,6.162883705073233E-4,0.19287936952639625,8.280335116991235E-5,1.6126984974313408E-4,0.07961783439490445
0.5,0.0,1.0,0.0,5.638382964215936E-4,0.19278954628570205,8.640349687295201E-5,1.6126984974313408E-4,0.08280254777070063
0.5,0.0,1.0,0.0,5.638382964215936E-4,0.1927168322337115,6.480262265471401E-5,1.6113143553887006E-4,0.08598726114649681
0.5,0.0,1.0,0.0,6.556259260716206E-4,0.19272324817947536,0.2141711249542428,0.002175909354936807,0.08917197452229299
0.5,0.0,1.0,0.0,4.982757038144316E-4,0.19276067452976464,0.1977174304782935,0.002023330763769752,0.09235668789808917
0.5,0.0,1.0,0.0,5.900633334644586E-4,0.19273501074670915,8.640349687295201E-5,1.6126984974313408E-4,0.09554140127388536
0.5,0.0,1.0,0.0,6.294008890287557E-4,0.19274463466535494,6.840276835775368E-5,1.6113143553887006E-4,0.09872611464968153
0.5,0.0,1.0,0.0,6.03175851985891E-4,0.19271897088229947,9.514670786604836E-5,2.5049395271513564E-4,0.10191082802547771
0.5,0.0,1.0,0.0,6.162883705073233E-4,0.19271576290941753,9.874685356908802E-5,2.5049395271513564E-4,0.10509554140127389
0.5,0.0,1.0,0.0,5.900633334644586E-4,0.1929114492552156,1.094187140459556E-4,1.6188579295210904E-4,0.10828025477707007
0.5,0.0,1.0,0.0,5.900633334644586E-4,0.19274891196253086,8.640349687295201E-5,1.6126984974313408E-4,0.11146496815286625
0.5,0.0,1.0,0.0,6.162883705073233E-4,0.19274570398964894,4.680189413951568E-5,1.6100224894822362E-4,0.11464968152866242
0.5,0.0,1.0,0.0,5.900633334644586E-4,0.1951741394612744,7.200291406079334E-5,1.6113143553887006E-4,0.1178343949044586
0.5,0.0,1.0,0.0,5.376132593787288E-4,0.19276922912411645,7.560305976383302E-5,1.6127907735675169E-4,0.12101910828025478
0.5,0.0,1.0,0.0,6.556259260716206E-4,0.19317129505865244,8.640349687295201E-5,1.612721566465385E-4,0.12420382165605096
0.5,0.0,1.0,0.0,5.113882223358641E-4,0.19343648748355913,8.640349687295201E-5,1.612756170016451E-4,0.12738853503184713
0.5,0.0,1.0,0.0,6.294008890287557E-4,0.19272966412523923,8.640349687295201E-5,1.616677905803932E-4,0.1305732484076433
0.5,0.0,1.0,0.0,6.294008890287557E-4,0.19298737128008808,6.840276835775368E-5,1.6155244541017316E-4,0.1337579617834395
0.5,0.0,1.0,0.0,6.68738444593053E-4,0.19274570398964894,6.840276835775368E-5,1.6155244541017316E-4,0.13694267515923567
0.5,0.0,1.0,1.0,0.22880033568047417,0.16504271950554444,0.03162818003762924,0.4993116898079549,0.0031847133757961785
0.5,0.0,1.0,1.0,0.008037973853638069,0.19209983211608583,2.0687980129252946E-4,1.608523002269376E-4,0.006369426751592357
0.5,0.0,1.0,1.0,0.003094554371058049,0.1925617802110846,2.3580954354909822E-4,5.165848793474236E-4,0.009554140127388535
0.5,0.0,1.0,1.0,0.001940652741171997,0.19261417710148956,1.8476462054528578E-4,1.6071503947437575E-4,0.012738853503184714
0.5,0.0,1.0,1.0,0.0013637019262289708,0.1926537421003668,1.9389356143513636E-4,3.3901214324539056E-4,0.01592356687898089
0.5,0.0,1.0,1.0,0.0011801266669289171,0.19266015804613065,1.742213367006696E-4,1.6112912863546565E-4,0.01910828025477707
0.5,0.0,1.0,1.0,0.001337476889186106,0.19266657399189452,1.6354947622380204E-4,2.497338280433856E-4,0.022292993630573247
0.5,0.0,1.0,1.0,0.0011145640743217549,0.1928365965546371,1.8155020473900035E-4,2.4978688682168683E-4,0.025477707006369428
0.5,0.0,1.0,1.0,9.178762965002688E-4,0.19269330709924398,1.332053910124677E-4,1.6037592467392885E-4,0.028662420382165606
0.5,0.0,1.0,1.0,8.785387409359716E-4,0.192691168450656,1.9749370713817603E-4,3.3886796178261554E-4,0.03184713375796178
0.5,0.0,1.0,1.0,0.0010227764446717282,0.19270400034218374,1.5120611952766603E-4,1.6065275308245694E-4,0.03503184713375796
0.5,0.0,1.0,1.0,7.998636298073771E-4,0.19273928804388507,1.9865089682843877E-4,3.394827515398883E-4,0.03821656050955414
0.5,0.0,1.0,1.0,7.605260742430799E-4,0.19307719452078229,1.6920684804286437E-4,1.605143388781929E-4,0.041401273885350316
0.5,0.0,1.0,1.0,8.785387409359716E-4,0.19270934696365366,1.455487477086037E-4,2.497338280433856E-4,0.044585987261146494
0.5,0.0,1.0,1.0,7.736385927645123E-4,0.19270079236930182,1.8515035044204003E-4,2.4964847261742284E-4,0.04777070063694268
0.5,0.0,1.0,1.0,8.523137038931068E-4,0.19270400034218374,1.6354947622380204E-4,2.4987224224764967E-4,0.050955414012738856
0.5,0.0,1.0,1.0,8.392011853716743E-4,0.19280344750152376,1.9299352500937644E-4,2.4978688682168683E-4,0.054140127388535034
0.5,0.0,1.0,1.0,6.68738444593053E-4,0.19267726723483428,1.4477728791509518E-4,1.6099071443120163E-4,0.05732484076433121
0.5,0.0,1.0,1.0,9.965514076288632E-4,0.19267833655912825,1.7589283291993802E-4,3.3886796178261554E-4,0.06050955414012739
0.5,0.0,1.0,1.0,7.867511112859447E-4,0.19272110953088742,1.7280699374590402E-4,1.6065275308245694E-4,0.06369426751592357
0.5,0.0,1.0,1.0,6.68738444593053E-4,0.19272752547665128,1.6354947622380204E-4,2.497338280433856E-4,0.06687898089171974
0.5,0.0,1.0,1.0,3.278129630358103E-4,0.07708758835291978,6.994568794477068E-5,1.5322913792709583E-4,0.07006369426751592
0.5,1.0,0.0,0.0,0.4528670521747112,0.18457071976218226,0.03296511985977947,0.11679231840845074,0.0031847133757961785
0.5,1.0,0.0,0.0,0.021635655560363478,0.15249526823999912,3.4407106790479105E-4,1.2983483050306948E-4,0.006369426751592357
0.5,1.0,1.0,0.0,0.4968857768511598,0.3277489654287456,0.052749591994201706,0.9998063723696551,0.0031847133757961785
0.5,1.0,1.0,0.0,0.021111154819506185,0.38384464856657075,1.6162082674003078E-4,4.089701424355406E-4,0.006369426751592357
0.5,1.0,1.0,0.0,0.00848379948336677,0.39889324935573206,3.098696837259142E-4,9.422085574593321E-4,0.009554140127388535
0.5,1.0,1.0,0.0,0.004864744371451425,0.3851609867724584,1.6830681161710445E-4,4.1303721313749886E-4,0.012738853503184714
0.5,1.0,1.0,0.0,0.0035403800007867514,0.3852561566346226,1.6663531539783604E-4,5.879916138755373E-4,0.01592356687898089
0.5,1.0,1.0,0.0,0.002832304000629401,0.385336355956671,1.8656469339680562E-4,4.1385847074946547E-4,0.01910828025477707
0.5,1.0,1.0,0.0,0.0021504530375149153,0.339987381973331,1.4914889341164335E-4,3.7053136445971583E-4,0.022292993630573247
0.5,1.0,1.0,0.0,0.002268465704207807,0.3974614241260947,1.6663531539783604E-4,5.918510632710994E-4,0.025477707006369428
0.5,1.0,1.0,0.0,0.00228157822272924,0.385433664467423,1.4194860200556403E-4,4.092527381025797E-4,0.028662420382165606
0.5,1.0,1.0,0.0,0.002032440370822024,0.40097629308040245,1.810358982099947E-4,5.917357181008793E-4,0.03184713375796178
0.5,1.0,1.0,0.0,0.0016390648151790514,0.35617909043275553,1.1520466249726935E-4,2.5608011930889165E-4,0.03503184713375796
0.5,1.0,1.0,1.0,0.4803508909956335,0.2488232086144765,0.03368849199282594,0.5174083711953374,0.0031847133757961785
0.5,1.0,1.0,1.0,0.0298178671177373,0.3698482628826844,4.547755482732608E-4,0.0012233012769304371,0.006369426751592357
0.5,1.0,1.0,1.0,0.012312654891625035,0.37380904006758126,6.062388210654297E-4,0.00211632204000114,0.009554140127388535
0.5,1.0,1.0,1.0,0.008195324075895257,0.37154207256434657,3.5487150501391007E-4,8.612904601948748E-4,0.012738853503184714
0.5,1.0,1.0,1.0,0.006595596816280504,0.37484414598415255,4.2121704725564107E-4,0.0015788389227132512,0.01592356687898089
0.5,1.0,1.0,1.0,0.0035141549637438866,0.2230770875883529,2.1896600472416262E-4,5.544526987306593E-4,0.01910828025477707
