atoms,cores,timesteps,outfreq,task,run,time,normalized_time,cumulative_stime,stime,normalized_stime,cumulative_utime,utime,normalized_utime,cumulative_iowait,iowait,normalized_iowait,cumulative_write_bytes,write_bytes,normalized_write_bytes,cumulative_syscw,syscw,normalized_syscw,cumulative_read_bytes,read_bytes,normalized_read_bytes,cumulative_syscr,syscr,normalized_syscr,cumulative_vmRSS,vmRSS,normalized_vmRSS,cumulative_vmSize,vmSize,normalized_vmSize
L,H,H,H,namd_ID0000002,1,210,1.0,757.68,0.3,1.0,58382.88,1442.07,1.0,2.44,0.0,1.0,8089506.0,10569.0,1.0,14169.0,128.0,1.0,44053012.0,97185.0,1.0,842501.0,414.0,1.0,6139304.0,272.0,1.0,987340856.0,131072.0,1.0
L,H,H,H,namd_ID0000002,2,220,1.0,763.76,0.35,1.0,61219.4,1443.74,1.0,12.3,0.0,1.0,8144367.0,11406.0,1.0,15498.0,136.0,1.0,70963676.0,103365.0,1.0,1062754.0,436.0,1.0,6186448.0,8.0,1.0,987143164.0,0.0,1.0
L,H,H,H,namd_ID0000002,3,211,1.0,761.97,0.4,1.0,60225.95,1426.56,1.0,3.4,0.0,1.0,8382839.0,233759.0,1.0,16031.0,158.0,1.0,74129006.0,98263.0,1.0,1088744.0,423.0,1.0,6111032.0,544.0,1.0,976819132.0,65668.0,1.0
L,H,H,H,namd_ID0000002,4,220,1.0,770.41,0.42,1.0,61206.51,1441.98,1.0,3.09,0.0,1.0,8175765.0,10416.0,1.0,16803.0,126.0,1.0,100478802.0,97501.0,1.0,1304983.0,414.0,1.0,6185592.0,0.0,1.0,987446456.0,0.0,1.0
L,H,H,L,namd_ID0000002,1,215,1.0,761.5,0.39,1.0,59750.75,1431.71,1.0,4.04,0.0,1.0,15981214.0,234605.0,1.0,16611.0,163.0,1.0,63611740.0,102306.0,1.0,1002102.0,436.0,1.0,6139192.0,292.0,1.0,981025408.0,0.0,1.0
L,H,H,L,namd_ID0000002,2,261,1.0,769.66,0.36,1.0,72229.51,1450.06,1.0,2.49,0.0,1.0,16384811.0,233270.0,1.0,21875.0,154.0,1.0,174008384.0,352358.0,1.0,1906078.0,2559.0,1.0,6224888.0,636.0,1.0,987169924.0,137480.0,1.0
L,H,H,L,namd_ID0000002,4,206,1.0,759.21,0.38,1.0,59503.0,1441.81,1.0,5.02,0.0,1.0,16191485.0,235614.0,1.0,16171.0,177.0,1.0,53656574.0,102449.0,1.0,920303.0,441.0,1.0,6154560.0,276.0,1.0,986659660.0,65536.0,1.0
L,H,L,H,namd_ID0000002,1,25,1.0,701.73,18.71,1.0,5093.21,1423.47,1.0,4.26,0.0,1.0,5878411.0,17614.0,1.0,8890.0,317.0,1.0,44397068.0,4181577.0,1.0,860159.0,34034.0,1.0,6133068.0,13700.0,1.0,984944932.0,83972.0,1.0
L,H,L,H,namd_ID0000002,2,25,1.0,688.89,17.19,1.0,5191.93,1424.93,1.0,1.29,0.0,1.0,5899045.0,12403.0,1.0,9070.0,149.0,1.0,43714726.0,103057.0,1.0,854237.0,439.0,1.0,6110644.0,1784.0,1.0,984694900.0,0.0,1.0
L,H,L,H,namd_ID0000002,3,25,1.0,697.39,19.65,1.0,5035.13,1422.6,1.0,1.89,0.0,1.0,5895819.0,19286.0,1.0,9196.0,364.0,1.0,49244045.0,5114957.0,1.0,900107.0,41657.0,1.0,6144284.0,12544.0,1.0,984925992.0,131204.0,1.0
L,H,L,H,namd_ID0000002,4,25,1.0,702.43,20.79,1.0,4780.83,1421.44,1.0,8.93,0.0,1.0,5874659.0,12368.0,1.0,8755.0,148.0,1.0,40598849.0,103296.0,1.0,828709.0,439.0,1.0,6107776.0,1576.0,1.0,984715876.0,65536.0,1.0
L,H,L,H,namd_ID0000002,5,24,1.0,708.51,17.82,1.0,5026.9,1425.31,1.0,2.32,0.0,1.0,5880332.0,11405.0,1.0,8915.0,136.0,1.0,40585636.0,103307.0,1.0,828534.0,436.0,1.0,6120980.0,2324.0,1.0,984854504.0,0.0,1.0
L,H,L,H,namd_ID0000002,6,29,1.0,705.02,16.6,1.0,5509.75,1431.07,1.0,3.51,0.0,1.0,5918414.0,18104.0,1.0,10115.0,349.0,1.0,60660425.0,4908850.0,1.0,993704.0,39911.0,1.0,6146328.0,6444.0,1.0,985150472.0,83968.0,1.0
L,H,L,L,namd_ID0000002,1,35,1.0,767.94,30.76,1.0,6581.96,1794.44,1.0,3.49,0.0,1.0,6603835.0,241341.0,1.0,9823.0,366.0,1.0,50898880.0,4187637.0,1.0,913003.0,34525.0,1.0,6150248.0,13496.0,1.0,985136772.0,202752.0,1.0
L,H,L,L,namd_ID0000002,2,24,1.0,700.82,16.47,1.0,5141.54,1425.86,1.0,2.92,0.0,1.0,6554450.0,459161.0,1.0,8951.0,208.0,1.0,40215458.0,102818.0,1.0,825465.0,447.0,1.0,6103676.0,304.0,1.0,984906132.0,131072.0,1.0
L,H,L,L,namd_ID0000002,3,24,1.0,709.47,17.95,1.0,5104.95,1424.18,1.0,4.24,0.0,1.0,6353151.0,234368.0,1.0,9799.0,170.0,1.0,57698069.0,609103.0,1.0,969375.0,4611.0,1.0,6149468.0,944.0,1.0,984951120.0,77824.0,1.0
L,H,L,L,namd_ID0000002,4,34,1.0,708.47,12.5,1.0,6160.01,1429.71,1.0,2.78,0.0,1.0,6789163.0,236999.0,1.0,9181.0,190.0,1.0,40604550.0,108580.0,1.0,828984.0,463.0,1.0,6126544.0,1032.0,1.0,985034832.0,131072.0,1.0
L,H,L,L,namd_ID0000002,5,24,1.0,701.16,19.09,1.0,5014.31,1430.62,1.0,2.11,0.0,1.0,6325270.0,236568.0,1.0,8866.0,183.0,1.0,40688088.0,106787.0,1.0,829468.0,455.0,1.0,6123704.0,2332.0,1.0,984865488.0,131072.0,1.0
L,L,H,H,namd_ID0000002,1,497,1.0,398.89,0.11,1.0,71620.16,721.03,1.0,3.0,0.0,1.0,10435129.0,9278.0,1.0,21725.0,112.0,1.0,73015125.0,57649.0,1.0,1070587.0,248.0,1.0,3150208.0,8.0,1.0,496736648.0,131072.0,1.0
L,L,H,H,namd_ID0000002,2,491,1.0,389.14,0.18,1.0,69623.52,721.52,1.0,2.05,0.0,1.0,10380343.0,8347.0,1.0,19737.0,102.0,1.0,33281110.0,57478.0,1.0,744432.0,245.0,1.0,3110468.0,260.0,1.0,496365404.0,268.0,1.0
L,L,H,H,namd_ID0000002,3,492,1.0,389.49,0.16,1.0,70777.63,721.16,1.0,2.61,0.0,1.0,10372812.0,10315.0,1.0,19595.0,124.0,1.0,29193719.0,63647.0,1.0,710199.0,270.0,1.0,3112572.0,4.0,1.0,496309440.0,65668.0,1.0
L,L,H,H,namd_ID0000002,4,517,1.0,388.84,0.11,1.0,74477.26,721.26,1.0,18.76,0.0,1.0,10782786.0,9646.0,1.0,25075.0,117.0,1.0,144286306.0,59848.0,1.0,1655008.0,256.0,1.0,3148292.0,4.0,1.0,496502444.0,65668.0,1.0
L,L,H,H,namd_ID0000002,5,483,1.0,388.94,0.1,1.0,69495.04,721.28,1.0,10.92,0.0,1.0,10371493.0,10368.0,1.0,19569.0,125.0,1.0,29596210.0,63784.0,1.0,713620.0,270.0,1.0,3121448.0,264.0,1.0,496323648.0,0.0,1.0
L,L,H,L,namd_ID0000002,1,476,1.0,382.72,0.15,1.0,68602.49,720.91,1.0,1.75,0.0,1.0,25596531.0,231458.0,1.0,22121.0,130.0,1.0,42688259.0,57811.0,1.0,820798.0,251.0,1.0,3124920.0,28.0,1.0,496579952.0,65668.0,1.0
L,L,H,L,namd_ID0000002,2,490,1.0,388.15,0.13,1.0,69485.06,721.19,1.0,1.86,0.0,1.0,26297023.0,233566.0,1.0,22419.0,152.0,1.0,34668363.0,63037.0,1.0,754095.0,272.0,1.0,3112764.0,520.0,1.0,496427380.0,131208.0,1.0
L,L,H,L,namd_ID0000002,3,501,1.0,394.9,0.19,1.0,72315.06,721.0,1.0,10.67,0.0,1.0,26592307.0,233578.0,1.0,24736.0,151.0,1.0,81790313.0,68734.0,1.0,1141086.0,291.0,1.0,3152888.0,536.0,1.0,496053936.0,264.0,1.0
L,L,L,H,namd_ID0000002,1,45,1.0,375.51,1.33,1.0,6784.15,719.7,1.0,2.31,0.0,1.0,5980451.0,9620.0,1.0,10156.0,123.0,1.0,51568778.0,311080.0,1.0,916073.0,2331.0,1.0,3102668.0,288.0,1.0,493214748.0,327680.0,1.0
L,L,L,H,namd_ID0000002,2,53,1.0,363.65,1.49,1.0,6735.1,719.45,1.0,5.64,0.0,1.0,5947323.0,9268.0,1.0,9107.0,112.0,1.0,32135823.0,57449.0,1.0,756468.0,248.0,1.0,3094380.0,528.0,1.0,493239008.0,65800.0,1.0
L,L,L,H,namd_ID0000002,3,40,1.0,362.64,1.82,1.0,6015.99,719.21,1.0,1.73,0.0,1.0,5926973.0,9329.0,1.0,8606.0,114.0,1.0,23890303.0,57514.0,1.0,688919.0,248.0,1.0,3084884.0,516.0,1.0,492767400.0,0.0,1.0
L,L,L,H,namd_ID0000002,4,45,1.0,367.42,1.64,1.0,6729.64,731.75,1.0,1.35,0.0,1.0,5980902.0,9902.0,1.0,10071.0,148.0,1.0,52428823.0,1120574.0,1.0,922969.0,8968.0,1.0,3108328.0,316.0,1.0,492957184.0,65800.0,1.0
L,L,L,H,namd_ID0000002,5,54,1.0,368.58,2.0,1.0,6096.51,736.64,1.0,56.74,0.0,1.0,5981213.0,12791.0,1.0,10176.0,223.0,1.0,52050022.0,2643569.0,1.0,920394.0,21518.0,1.0,3110584.0,1916.0,1.0,492744576.0,6412.0,1.0
L,L,L,H,namd_ID0000002,6,63,1.0,367.16,1.71,1.0,6359.03,719.25,1.0,65.92,0.0,1.0,5986444.0,13657.0,1.0,9887.0,236.0,1.0,45808581.0,2744832.0,1.0,868730.0,22318.0,1.0,3108800.0,808.0,1.0,492955884.0,65668.0,1.0
L,L,L,L,namd_ID0000002,1,55,1.0,361.07,1.43,1.0,7059.9,719.68,1.0,2.67,0.0,1.0,7528351.0,233699.0,1.0,9624.0,153.0,1.0,34873529.0,62848.0,1.0,778848.0,272.0,1.0,3100636.0,284.0,1.0,493018544.0,65536.0,1.0
L,L,L,L,namd_ID0000002,2,40,1.0,369.59,1.94,1.0,6090.61,719.16,1.0,6.94,0.0,1.0,7284112.0,233780.0,1.0,9214.0,152.0,1.0,32745359.0,68383.0,1.0,761561.0,291.0,1.0,3094808.0,24.0,1.0,492671396.0,0.0,1.0
L,L,L,L,namd_ID0000002,3,70,1.0,364.31,1.34,1.0,6624.1,704.7,1.0,5.4,0.0,1.0,7292614.0,10497.0,1.0,9337.0,120.0,1.0,33107877.0,68071.0,1.0,764275.0,282.0,1.0,3034472.0,236.0,1.0,482804500.0,131208.0,1.0
L,L,L,L,namd_ID0000002,4,45,1.0,366.5,1.63,1.0,6610.56,719.37,1.0,1.96,0.0,1.0,7519378.0,234682.0,1.0,9372.0,162.0,1.0,32028665.0,68519.0,1.0,755339.0,294.0,1.0,3099372.0,52.0,1.0,492960768.0,65536.0,1.0
L,L,L,L,namd_ID0000002,5,71,1.0,426.59,1.43,1.0,7683.76,719.57,1.0,85.99,0.0,1.0,7576535.0,235221.0,1.0,10817.0,200.0,1.0,55245513.0,1280609.0,1.0,946647.0,10334.0,1.0,3114204.0,788.0,1.0,493014732.0,65672.0,1.0
M,H,H,H,namd_ID0000002,1,371,1.0,874.93,1.84,1.0,104262.93,1440.43,1.0,0.76,0.0,1.0,10771648.0,9097.0,1.0,41877.0,162.0,1.0,289104007.0,1751271.0,1.0,3234818.0,14177.0,1.0,6593012.0,356.0,1.0,1003794448.0,132.0,1.0
M,H,H,H,namd_ID0000002,2,321,1.0,871.63,1.9,1.0,88125.44,1441.38,1.0,8.25,0.0,1.0,10746949.0,9422.0,1.0,41343.0,154.0,1.0,273341057.0,1550869.0,1.0,3105918.0,12519.0,1.0,6600080.0,264.0,1.0,1004283036.0,0.0,1.0
M,H,H,H,namd_ID0000002,3,387,1.0,875.68,2.13,1.0,108713.48,1721.17,1.0,2.03,0.0,1.0,11220614.0,464283.0,1.0,41469.0,247.0,1.0,265924511.0,2540746.0,1.0,3039033.0,20682.0,1.0,6584576.0,344.0,1.0,1002264356.0,131608.0,1.0
M,H,H,H,namd_ID0000002,4,386,1.0,883.76,1.94,1.0,106098.78,1441.76,1.0,3.69,0.0,1.0,10819874.0,10142.0,1.0,42646.0,198.0,1.0,293622941.0,2477976.0,1.0,3268800.0,20221.0,1.0,6596332.0,340.0,1.0,1003334260.0,65804.0,1.0
M,H,H,H,namd_ID0000002,5,381,1.0,880.93,1.73,1.0,107380.4,1440.44,1.0,4.48,0.0,1.0,11237062.0,8644.0,1.0,42069.0,151.0,1.0,289432179.0,1812333.0,1.0,3238166.0,14723.0,1.0,6599372.0,160.0,1.0,1005524576.0,536.0,1.0
M,H,H,H,namd_ID0000002,6,381,1.0,877.35,1.76,1.0,109897.01,1440.37,1.0,4.47,0.0,1.0,10760430.0,8584.0,1.0,41397.0,149.0,1.0,274337195.0,1693194.0,1.0,3107219.0,13685.0,1.0,6588484.0,152.0,1.0,1001331212.0,0.0,1.0
M,H,H,L,namd_ID0000002,1,390,1.0,886.05,1.63,1.0,110247.03,1440.79,1.0,3.54,0.0,1.0,26601049.0,8645.0,1.0,42929.0,167.0,1.0,282316870.0,2110330.0,1.0,3174359.0,17153.0,1.0,6595368.0,252.0,1.0,1003436960.0,92364.0,1.0
M,H,H,L,namd_ID0000002,2,376,1.0,891.1,1.96,1.0,107637.17,1440.46,1.0,2.81,0.0,1.0,27551803.0,461533.0,1.0,44208.0,228.0,1.0,298590877.0,2857752.0,1.0,3311770.0,23408.0,1.0,6599580.0,652.0,1.0,1005087928.0,268.0,1.0
M,H,H,L,namd_ID0000002,3,361,1.0,879.6,1.62,1.0,103878.1,1440.45,1.0,2.85,0.0,1.0,27947320.0,461104.0,1.0,42191.0,188.0,1.0,262785944.0,1695064.0,1.0,3013530.0,13680.0,1.0,6585320.0,200.0,1.0,1001261576.0,396.0,1.0
M,H,H,L,namd_ID0000002,4,402,1.0,887.89,1.72,1.0,112898.22,1440.37,1.0,3.29,0.0,1.0,27526263.0,461762.0,1.0,43346.0,210.0,1.0,299737267.0,2392717.0,1.0,3321754.0,19518.0,1.0,6591632.0,288.0,1.0,1005054744.0,276.0,1.0
M,H,L,H,namd_ID0000002,2,36,0.87805,737.04,7.15,0.9913,9392.62,1435.6,0.85875,4.8,0.0,1.0,6492033.0,12278.0,0.99821,29240.0,265.0,0.99172,137018298.0,2998577.0,0.97786,1994115.0,24530.0,0.98743,6562320.0,1504.0,0.99985,999886988.0,67584.0,0.99983
M,H,L,H,namd_ID0000002,3,30,1.0,738.9,7.39,1.0,9115.2,1420.19,1.0,3.75,0.0,1.0,6493651.0,14286.0,1.0,29119.0,309.0,1.0,136560186.0,3109981.0,1.0,1990300.0,25501.0,1.0,6500800.0,1488.0,1.0,989273748.0,157828.0,1.0
M,H,L,H,namd_ID0000002,4,35,1.0,741.4,6.37,1.0,10235.95,1436.33,1.0,3.54,0.0,1.0,6496778.0,10530.0,1.0,29134.0,210.0,1.0,135323001.0,2211708.0,1.0,1980028.0,18000.0,1.0,6560356.0,540.0,1.0,998672496.0,161924.0,1.0
M,H,L,L,namd_ID0000002,1,40,1.0,734.69,7.34,1.0,9374.42,1435.59,1.0,3.42,0.0,1.0,7841599.0,466411.0,1.0,28706.0,307.0,1.0,131922170.0,3002319.0,1.0,1951873.0,24495.0,1.0,6557496.0,1104.0,1.0,999215268.0,150172.0,1.0
M,H,L,L,namd_ID0000002,2,43,1.0,743.76,6.02,1.0,10813.29,1449.6,1.0,8.47,0.0,1.0,7846440.0,464286.0,1.0,28976.0,280.0,1.0,137224149.0,3210730.0,1.0,1995483.0,26262.0,1.0,6566892.0,908.0,1.0,999896044.0,133524.0,1.0
M,H,L,L,namd_ID0000002,3,39,1.0,738.15,7.12,1.0,9349.66,1435.71,1.0,1.5,0.0,1.0,7854636.0,464444.0,1.0,29369.0,313.0,1.0,136795219.0,3213507.0,1.0,1992513.0,26358.0,1.0,6567132.0,1540.0,1.0,1001453100.0,223764.0,1.0
M,H,L,L,namd_ID0000002,4,30,1.0,726.32,8.66,1.0,8738.88,1434.01,1.0,4.39,0.0,1.0,7854664.0,464337.0,1.0,29264.0,285.0,1.0,140329643.0,3007002.0,1.0,2022145.0,24619.0,1.0,6566776.0,1924.0,1.0,999830972.0,174620.0,1.0
M,H,L,L,namd_ID0000002,5,35,1.0,742.61,12.08,1.0,10492.25,2622.64,1.0,6.57,0.0,1.0,7849505.0,206327.0,1.0,29199.0,605.0,1.0,133360975.0,5673553.0,1.0,1963555.0,46315.0,1.0,6555832.0,2740.0,1.0,997174284.0,74812.0,1.0
M,L,H,H,namd_ID0000002,1,872,1.0,554.73,1.0,1.0,123931.31,720.14,1.0,19.59,0.0,1.0,15050887.0,6377.0,1.0,45802.0,120.0,1.0,290465872.0,1171736.0,1.0,3258483.0,9646.0,1.0,3381324.0,120.0,1.0,515777004.0,132.0,1.0
M,L,H,H,namd_ID0000002,2,831,1.0,531.02,1.18,1.0,118548.86,720.13,1.0,36.39,0.0,1.0,15028015.0,7325.0,1.0,45514.0,110.0,1.0,277894152.0,615905.0,1.0,3161718.0,5055.0,1.0,3390432.0,84.0,1.0,522393796.0,6144.0,1.0
M,L,H,H,namd_ID0000002,3,913,1.0,573.34,1.17,1.0,130177.33,721.83,1.0,30.97,0.0,1.0,15124891.0,6874.0,1.0,48051.0,117.0,1.0,302034050.0,958901.0,1.0,3372427.0,8031.0,1.0,3446704.0,288.0,1.0,535864312.0,61440.0,1.0
M,L,H,H,namd_ID0000002,5,877,1.0,560.58,0.78,1.0,126188.11,720.29,1.0,4.85,0.0,1.0,15112076.0,8475.0,1.0,47781.0,146.0,1.0,301684951.0,963071.0,1.0,3369097.0,8040.0,1.0,3422020.0,244.0,1.0,530593696.0,12288.0,1.0
M,L,H,H,namd_ID0000002,6,882,1.0,561.94,0.91,1.0,126970.03,721.05,1.0,4.74,0.0,1.0,15567609.0,7131.0,1.0,47379.0,104.0,1.0,291957593.0,667948.0,1.0,3279352.0,5486.0,1.0,3391584.0,88.0,1.0,524969124.0,36864.0,1.0
M,L,H,L,namd_ID0000002,1,853,1.0,550.14,1.07,1.0,122793.88,741.25,1.0,5.11,0.0,1.0,47686998.0,9828.0,1.0,50070.0,188.0,1.0,295278304.0,1314128.0,1.0,3317974.0,11053.0,1.0,3421832.0,388.0,1.0,530362988.0,108544.0,1.0
M,L,H,L,namd_ID0000002,2,892,1.0,558.82,1.03,1.0,128234.74,720.02,1.0,15.6,0.0,1.0,48178104.0,460582.0,1.0,51193.0,154.0,1.0,304830202.0,793140.0,1.0,3397311.0,6548.0,1.0,3429812.0,380.0,1.0,530654232.0,0.0,1.0
M,L,H,L,namd_ID0000002,3,870,1.0,556.68,0.98,1.0,125072.98,720.2,1.0,4.73,0.0,1.0,47671733.0,7493.0,1.0,49657.0,115.0,1.0,287568993.0,788240.0,1.0,3249939.0,6538.0,1.0,3418188.0,128.0,1.0,531710572.0,84104.0,1.0
M,L,L,H,namd_ID0000002,1,86,1.0,384.77,1.44,1.0,12412.71,719.77,1.0,2.67,0.0,1.0,6705157.0,7983.0,1.0,26936.0,170.0,1.0,128441328.0,1768226.0,1.0,1925564.0,14668.0,1.0,3371340.0,508.0,1.0,510257164.0,380928.0,1.0
M,L,L,H,namd_ID0000002,2,88,1.0,387.63,1.53,1.0,12258.9,719.6,1.0,24.23,0.0,1.0,6715540.0,7242.0,1.0,27007.0,126.0,1.0,126267677.0,1127306.0,1.0,1907826.0,9250.0,1.0,3373824.0,84.0,1.0,510389292.0,6144.0,1.0
M,L,L,H,namd_ID0000002,3,89,1.0,387.21,1.62,1.0,11799.56,719.64,1.0,3.9,0.0,1.0,6706319.0,9146.0,1.0,27025.0,185.0,1.0,129070579.0,2065356.0,1.0,1930344.0,17187.0,1.0,3371656.0,1216.0,1.0,511993916.0,534664.0,1.0
M,L,L,H,namd_ID0000002,4,76,1.0,385.2,1.57,1.0,10888.86,719.48,1.0,4.06,0.0,1.0,6686024.0,9675.0,1.0,26378.0,183.0,1.0,124906646.0,1531425.0,1.0,1896423.0,12739.0,1.0,3370336.0,816.0,1.0,512012052.0,807044.0,1.0
M,L,L,H,namd_ID0000002,5,91,1.0,403.64,2.6,1.0,12629.84,1249.77,1.0,29.87,0.0,1.0,6717467.0,16249.0,1.0,27084.0,291.0,1.0,134212271.0,3159682.0,1.0,1973816.0,26362.0,1.0,3367724.0,1588.0,1.0,515013604.0,815512.0,1.0
M,L,L,H,namd_ID0000002,6,80,1.0,388.18,1.53,1.0,11818.12,719.48,1.0,42.34,0.0,1.0,6705050.0,7925.0,1.0,26790.0,150.0,1.0,126228213.0,1710159.0,1.0,1907096.0,14163.0,1.0,3368936.0,552.0,1.0,509774212.0,188552.0,1.0
M,L,L,L,namd_ID0000002,1,85,1.0,392.51,1.43,1.0,12466.99,719.65,1.0,5.86,0.0,1.0,9424139.0,8287.0,1.0,27152.0,140.0,1.0,125394997.0,1248898.0,1.0,1900608.0,10316.0,1.0,3369012.0,656.0,1.0,511818616.0,215172.0,1.0
M,L,L,L,namd_ID0000002,2,94,1.0,387.79,1.43,1.0,12493.0,719.56,1.0,2.22,0.0,1.0,9853966.0,457697.0,1.0,26495.0,146.0,1.0,126663119.0,1370008.0,1.0,1909574.0,11271.0,1.0,3368028.0,272.0,1.0,508236012.0,412.0,1.0
M,L,L,L,namd_ID0000002,3,85,1.0,391.14,1.56,1.0,12298.92,719.6,1.0,43.2,0.0,1.0,9891678.0,459107.0,1.0,27642.0,187.0,1.0,130407595.0,1459638.0,1.0,1941816.0,12123.0,1.0,3376612.0,436.0,1.0,512282884.0,669960.0,1.0
M,L,L,L,namd_ID0000002,4,80,1.0,379.52,1.59,1.0,11675.15,719.43,1.0,9.4,0.0,1.0,9407580.0,459479.0,1.0,26765.0,174.0,1.0,126210174.0,1466695.0,1.0,1906838.0,12165.0,1.0,3365128.0,536.0,1.0,512675988.0,12428.0,1.0
M,L,L,L,namd_ID0000002,5,80,1.0,388.85,1.56,1.0,11630.89,719.88,1.0,2.14,0.0,1.0,9398260.0,8032.0,1.0,25980.0,122.0,1.0,122934311.0,1021649.0,1.0,1878968.0,8331.0,1.0,3359756.0,132.0,1.0,507815916.0,276.0,1.0
